Subject,Subtype,Healthy,Sent Wavelength,Returned Wavelength,Returned Intensity
grass,mature,yes,800.000000,1233.788940,3068.000000
grass,mature,yes,800.000000,1233.463989,3060.000000
grass,mature,yes,800.000000,1233.139038,2996.000000
grass,mature,yes,800.000000,1232.813965,3008.000000
grass,mature,yes,800.000000,1232.489014,3052.000000
grass,mature,yes,800.000000,1232.163940,3050.000000
grass,mature,yes,800.000000,1231.839966,3028.000000
grass,mature,yes,800.000000,1231.515015,3068.000000
grass,mature,yes,800.000000,1231.189941,3076.000000
grass,mature,yes,800.000000,1230.864990,3037.000000
grass,mature,yes,800.000000,1230.540039,3032.000000
grass,mature,yes,800.000000,1230.214966,2977.000000
grass,mature,yes,800.000000,1229.890015,2982.000000
grass,mature,yes,800.000000,1229.564941,3013.000000
grass,mature,yes,800.000000,1229.239990,3059.000000
grass,mature,yes,800.000000,1228.916016,3037.000000
grass,mature,yes,800.000000,1228.590942,3017.000000
grass,mature,yes,800.000000,1228.265991,3018.000000
grass,mature,yes,800.000000,1227.941040,3037.000000
grass,mature,yes,800.000000,1227.615967,3022.000000
grass,mature,yes,800.000000,1227.291016,3036.000000
grass,mature,yes,800.000000,1226.965942,3022.000000
grass,mature,yes,800.000000,1226.640991,2998.000000
grass,mature,yes,800.000000,1226.317017,3004.000000
grass,mature,yes,800.000000,1225.991943,3014.000000
grass,mature,yes,800.000000,1225.666992,3015.000000
grass,mature,yes,800.000000,1225.342041,3002.000000
grass,mature,yes,800.000000,1225.016968,3023.000000
grass,mature,yes,800.000000,1224.692017,3020.000000
grass,mature,yes,800.000000,1224.366943,3052.000000
grass,mature,yes,800.000000,1224.041992,3031.000000
grass,mature,yes,800.000000,1223.717041,2991.000000
grass,mature,yes,800.000000,1223.392944,3032.000000
grass,mature,yes,800.000000,1223.067993,3091.000000
grass,mature,yes,800.000000,1222.743042,3000.000000
grass,mature,yes,800.000000,1222.417969,3000.000000
grass,mature,yes,800.000000,1222.093018,3020.000000
grass,mature,yes,800.000000,1221.767944,2999.000000
grass,mature,yes,800.000000,1221.442993,2994.000000
grass,mature,yes,800.000000,1221.118042,3021.000000
grass,mature,yes,800.000000,1220.793945,3004.000000
grass,mature,yes,800.000000,1220.468994,3053.000000
grass,mature,yes,800.000000,1220.144043,3057.000000
grass,mature,yes,800.000000,1219.818970,3014.000000
grass,mature,yes,800.000000,1219.494019,3014.000000
grass,mature,yes,800.000000,1219.168945,3041.000000
grass,mature,yes,800.000000,1218.843994,3031.000000
grass,mature,yes,800.000000,1218.519043,3083.000000
grass,mature,yes,800.000000,1218.193970,3004.000000
grass,mature,yes,800.000000,1217.869995,3020.000000
grass,mature,yes,800.000000,1217.545044,3036.000000
grass,mature,yes,800.000000,1217.219971,2992.000000
grass,mature,yes,800.000000,1216.895020,3069.000000
grass,mature,yes,800.000000,1216.569946,3038.000000
grass,mature,yes,800.000000,1216.244995,3037.000000
grass,mature,yes,800.000000,1215.920044,3017.000000
grass,mature,yes,800.000000,1215.594971,3063.000000
grass,mature,yes,800.000000,1215.270996,3017.000000
grass,mature,yes,800.000000,1214.946045,3029.000000
grass,mature,yes,800.000000,1214.620972,3016.000000
grass,mature,yes,800.000000,1214.296021,3020.000000
grass,mature,yes,800.000000,1213.970947,3017.000000
grass,mature,yes,800.000000,1213.645996,3042.000000
grass,mature,yes,800.000000,1213.321045,2987.000000
grass,mature,yes,800.000000,1212.995972,3006.000000
grass,mature,yes,800.000000,1212.671021,3043.000000
grass,mature,yes,800.000000,1212.347046,3010.000000
grass,mature,yes,800.000000,1212.021973,3055.000000
grass,mature,yes,800.000000,1211.697021,3028.000000
grass,mature,yes,800.000000,1211.371948,3011.000000
grass,mature,yes,800.000000,1211.046997,3015.000000
grass,mature,yes,800.000000,1210.722046,3040.000000
grass,mature,yes,800.000000,1210.396973,3024.000000
grass,mature,yes,800.000000,1210.072021,2996.000000
grass,mature,yes,800.000000,1209.746948,3059.000000
grass,mature,yes,800.000000,1209.422974,3037.000000
grass,mature,yes,800.000000,1209.098022,3007.000000
grass,mature,yes,800.000000,1208.772949,3022.000000
grass,mature,yes,800.000000,1208.447998,3038.000000
grass,mature,yes,800.000000,1208.123047,3026.000000
grass,mature,yes,800.000000,1207.797974,3058.000000
grass,mature,yes,800.000000,1207.473022,2980.000000
grass,mature,yes,800.000000,1207.147949,3037.000000
grass,mature,yes,800.000000,1206.823975,3012.000000
grass,mature,yes,800.000000,1206.499023,3034.000000
grass,mature,yes,800.000000,1206.173950,3035.000000
grass,mature,yes,800.000000,1205.848999,3062.000000
grass,mature,yes,800.000000,1205.524048,3043.000000
grass,mature,yes,800.000000,1205.198975,3026.000000
grass,mature,yes,800.000000,1204.874023,3012.000000
grass,mature,yes,800.000000,1204.548950,3054.000000
grass,mature,yes,800.000000,1204.223999,3049.000000
grass,mature,yes,800.000000,1203.900024,3053.000000
grass,mature,yes,800.000000,1203.574951,3017.000000
grass,mature,yes,800.000000,1203.250000,3036.000000
grass,mature,yes,800.000000,1202.925049,3017.000000
grass,mature,yes,800.000000,1202.599976,3065.000000
grass,mature,yes,800.000000,1202.275024,3009.000000
grass,mature,yes,800.000000,1201.949951,3025.000000
grass,mature,yes,800.000000,1201.625000,3011.000000
grass,mature,yes,800.000000,1201.301025,3008.000000
grass,mature,yes,800.000000,1200.975952,3004.000000
grass,mature,yes,800.000000,1200.651001,3008.000000
grass,mature,yes,800.000000,1200.326050,3052.000000
grass,mature,yes,800.000000,1200.000977,2980.000000
grass,mature,yes,800.000000,1199.676025,3060.000000
grass,mature,yes,800.000000,1199.350952,3050.000000
grass,mature,yes,800.000000,1199.026001,3088.000000
grass,mature,yes,800.000000,1198.701050,3006.000000
grass,mature,yes,800.000000,1198.376953,2992.000000
grass,mature,yes,800.000000,1198.052002,3004.000000
grass,mature,yes,800.000000,1197.727051,3041.000000
grass,mature,yes,800.000000,1197.401978,3016.000000
grass,mature,yes,800.000000,1197.077026,3014.000000
grass,mature,yes,800.000000,1196.751953,3008.000000
grass,mature,yes,800.000000,1196.427002,3057.000000
grass,mature,yes,800.000000,1196.102051,3034.000000
grass,mature,yes,800.000000,1195.777954,3039.000000
grass,mature,yes,800.000000,1195.453003,3062.000000
grass,mature,yes,800.000000,1195.128052,3055.000000
grass,mature,yes,800.000000,1194.802979,3026.000000
grass,mature,yes,800.000000,1194.478027,3063.000000
grass,mature,yes,800.000000,1194.152954,3122.000000
grass,mature,yes,800.000000,1193.828003,3070.000000
grass,mature,yes,800.000000,1193.503052,3077.000000
grass,mature,yes,800.000000,1193.177979,3014.000000
grass,mature,yes,800.000000,1192.854004,3040.000000
grass,mature,yes,800.000000,1192.529053,3046.000000
grass,mature,yes,800.000000,1192.203979,3029.000000
grass,mature,yes,800.000000,1191.879028,3005.000000
grass,mature,yes,800.000000,1191.553955,2995.000000
grass,mature,yes,800.000000,1191.229004,3015.000000
grass,mature,yes,800.000000,1190.904053,3038.000000
grass,mature,yes,800.000000,1190.578979,3085.000000
grass,mature,yes,800.000000,1190.255005,3012.000000
grass,mature,yes,800.000000,1189.930054,3042.000000
grass,mature,yes,800.000000,1189.604980,3043.000000
grass,mature,yes,800.000000,1189.280029,2989.000000
grass,mature,yes,800.000000,1188.954956,3003.000000
grass,mature,yes,800.000000,1188.630005,3062.000000
grass,mature,yes,800.000000,1188.305054,3025.000000
grass,mature,yes,800.000000,1187.979980,3061.000000
grass,mature,yes,800.000000,1187.655029,3019.000000
grass,mature,yes,800.000000,1187.331055,2990.000000
grass,mature,yes,800.000000,1187.005981,3020.000000
grass,mature,yes,800.000000,1186.681030,3018.000000
grass,mature,yes,800.000000,1186.355957,3048.000000
grass,mature,yes,800.000000,1186.031006,3053.000000
grass,mature,yes,800.000000,1185.706055,3009.000000
grass,mature,yes,800.000000,1185.380981,3010.000000
grass,mature,yes,800.000000,1185.056030,3058.000000
grass,mature,yes,800.000000,1184.732056,3027.000000
grass,mature,yes,800.000000,1184.406982,3032.000000
grass,mature,yes,800.000000,1184.082031,3003.000000
grass,mature,yes,800.000000,1183.756958,2993.000000
grass,mature,yes,800.000000,1183.432007,3028.000000
grass,mature,yes,800.000000,1183.107056,3032.000000
grass,mature,yes,800.000000,1182.781982,3029.000000
grass,mature,yes,800.000000,1182.457031,3008.000000
grass,mature,yes,800.000000,1182.131958,3020.000000
grass,mature,yes,800.000000,1181.807983,3028.000000
grass,mature,yes,800.000000,1181.483032,3051.000000
grass,mature,yes,800.000000,1181.157959,3013.000000
grass,mature,yes,800.000000,1180.833008,3054.000000
grass,mature,yes,800.000000,1180.508057,3066.000000
grass,mature,yes,800.000000,1180.182983,3031.000000
grass,mature,yes,800.000000,1179.858032,3000.000000
grass,mature,yes,800.000000,1179.532959,3030.000000
grass,mature,yes,800.000000,1179.208984,3009.000000
grass,mature,yes,800.000000,1178.884033,2975.000000
grass,mature,yes,800.000000,1178.558960,3006.000000
grass,mature,yes,800.000000,1178.234009,3050.000000
grass,mature,yes,800.000000,1177.909058,3035.000000
grass,mature,yes,800.000000,1177.583984,3022.000000
grass,mature,yes,800.000000,1177.259033,3027.000000
grass,mature,yes,800.000000,1176.933960,3059.000000
grass,mature,yes,800.000000,1176.609009,3073.000000
grass,mature,yes,800.000000,1176.285034,3062.000000
grass,mature,yes,800.000000,1175.959961,2995.000000
grass,mature,yes,800.000000,1175.635010,2983.000000
grass,mature,yes,800.000000,1175.310059,3053.000000
grass,mature,yes,800.000000,1174.984985,3006.000000
grass,mature,yes,800.000000,1174.660034,3010.000000
grass,mature,yes,800.000000,1174.334961,3052.000000
grass,mature,yes,800.000000,1174.010010,3094.000000
grass,mature,yes,800.000000,1173.686035,3082.000000
grass,mature,yes,800.000000,1173.360962,3022.000000
grass,mature,yes,800.000000,1173.036011,3033.000000
grass,mature,yes,800.000000,1172.711060,3060.000000
grass,mature,yes,800.000000,1172.385986,3026.000000
grass,mature,yes,800.000000,1172.061035,3010.000000
grass,mature,yes,800.000000,1171.735962,3042.000000
grass,mature,yes,800.000000,1171.411011,2937.000000
grass,mature,yes,800.000000,1171.086060,3022.000000
grass,mature,yes,800.000000,1170.761963,3027.000000
grass,mature,yes,800.000000,1170.437012,3059.000000
grass,mature,yes,800.000000,1170.112061,3055.000000
grass,mature,yes,800.000000,1169.786987,3094.000000
grass,mature,yes,800.000000,1169.462036,3064.000000
grass,mature,yes,800.000000,1169.136963,3050.000000
grass,mature,yes,800.000000,1168.812012,2980.000000
grass,mature,yes,800.000000,1168.487061,3028.000000
grass,mature,yes,800.000000,1168.162964,3045.000000
grass,mature,yes,800.000000,1167.838013,3068.000000
grass,mature,yes,800.000000,1167.512939,3068.000000
grass,mature,yes,800.000000,1167.187988,3074.000000
grass,mature,yes,800.000000,1166.863037,3004.000000
grass,mature,yes,800.000000,1166.537964,2986.000000
grass,mature,yes,800.000000,1166.213013,3005.000000
grass,mature,yes,800.000000,1165.887939,2965.000000
grass,mature,yes,800.000000,1165.562988,2955.000000
grass,mature,yes,800.000000,1165.239014,3036.000000
grass,mature,yes,800.000000,1164.913940,3027.000000
grass,mature,yes,800.000000,1164.588989,3069.000000
grass,mature,yes,800.000000,1164.264038,3058.000000
grass,mature,yes,800.000000,1163.938965,3080.000000
grass,mature,yes,800.000000,1163.614014,3014.000000
grass,mature,yes,800.000000,1163.288940,3043.000000
grass,mature,yes,800.000000,1162.963989,3058.000000
grass,mature,yes,800.000000,1162.640015,3018.000000
grass,mature,yes,800.000000,1162.314941,3010.000000
grass,mature,yes,800.000000,1161.989990,3028.000000
grass,mature,yes,800.000000,1161.665039,3040.000000
grass,mature,yes,800.000000,1161.339966,3078.000000
grass,mature,yes,800.000000,1161.015015,3069.000000
grass,mature,yes,800.000000,1160.689941,3022.000000
grass,mature,yes,800.000000,1160.364990,2992.000000
grass,mature,yes,800.000000,1160.040039,3031.000000
grass,mature,yes,800.000000,1159.715942,3031.000000
grass,mature,yes,800.000000,1159.390991,3057.000000
grass,mature,yes,800.000000,1159.066040,2980.000000
grass,mature,yes,800.000000,1158.740967,3041.000000
grass,mature,yes,800.000000,1158.416016,3058.000000
grass,mature,yes,800.000000,1158.090942,3032.000000
grass,mature,yes,800.000000,1157.765991,3049.000000
grass,mature,yes,800.000000,1157.441040,2978.000000
grass,mature,yes,800.000000,1157.116943,3027.000000
grass,mature,yes,800.000000,1156.791992,3008.000000
grass,mature,yes,800.000000,1156.467041,3063.000000
grass,mature,yes,800.000000,1156.141968,3049.000000
grass,mature,yes,800.000000,1155.817017,3048.000000
grass,mature,yes,800.000000,1155.491943,3069.000000
grass,mature,yes,800.000000,1155.166992,3052.000000
grass,mature,yes,800.000000,1154.842041,3050.000000
grass,mature,yes,800.000000,1154.516968,3033.000000
grass,mature,yes,800.000000,1154.192993,3012.000000
grass,mature,yes,800.000000,1153.868042,3064.000000
grass,mature,yes,800.000000,1153.542969,3057.000000
grass,mature,yes,800.000000,1153.218018,3019.000000
grass,mature,yes,800.000000,1152.892944,3026.000000
grass,mature,yes,800.000000,1152.567993,3017.000000
grass,mature,yes,800.000000,1152.243042,3060.000000
grass,mature,yes,800.000000,1151.917969,3017.000000
grass,mature,yes,800.000000,1151.593994,3032.000000
grass,mature,yes,800.000000,1151.269043,3025.000000
grass,mature,yes,800.000000,1150.943970,3072.000000
grass,mature,yes,800.000000,1150.619019,2981.000000
grass,mature,yes,800.000000,1150.293945,3025.000000
grass,mature,yes,800.000000,1149.968994,3026.000000
grass,mature,yes,800.000000,1149.644043,3034.000000
grass,mature,yes,800.000000,1149.318970,2983.000000
grass,mature,yes,800.000000,1148.994019,3023.000000
grass,mature,yes,800.000000,1148.670044,3030.000000
grass,mature,yes,800.000000,1148.344971,3050.000000
grass,mature,yes,800.000000,1148.020020,3056.000000
grass,mature,yes,800.000000,1147.694946,3007.000000
grass,mature,yes,800.000000,1147.369995,3018.000000
grass,mature,yes,800.000000,1147.045044,3017.000000
grass,mature,yes,800.000000,1146.719971,3007.000000
grass,mature,yes,800.000000,1146.395020,3046.000000
grass,mature,yes,800.000000,1146.071045,3023.000000
grass,mature,yes,800.000000,1145.745972,3002.000000
grass,mature,yes,800.000000,1145.421021,3003.000000
grass,mature,yes,800.000000,1145.095947,3028.000000
grass,mature,yes,800.000000,1144.770996,3032.000000
grass,mature,yes,800.000000,1144.446045,3016.000000
grass,mature,yes,800.000000,1144.120972,3060.000000
grass,mature,yes,800.000000,1143.796021,3055.000000
grass,mature,yes,800.000000,1143.470947,3065.000000
grass,mature,yes,800.000000,1143.146973,3033.000000
grass,mature,yes,800.000000,1142.822021,3101.000000
grass,mature,yes,800.000000,1142.496948,3087.000000
grass,mature,yes,800.000000,1142.171997,3005.000000
grass,mature,yes,800.000000,1141.847046,3004.000000
grass,mature,yes,800.000000,1141.521973,3057.000000
grass,mature,yes,800.000000,1141.197021,3039.000000
grass,mature,yes,800.000000,1140.871948,3065.000000
grass,mature,yes,800.000000,1140.547974,3047.000000
grass,mature,yes,800.000000,1140.223022,3043.000000
grass,mature,yes,800.000000,1139.897949,3091.000000
grass,mature,yes,800.000000,1139.572998,3035.000000
grass,mature,yes,800.000000,1139.248047,3013.000000
grass,mature,yes,800.000000,1138.922974,3044.000000
grass,mature,yes,800.000000,1138.598022,3011.000000
grass,mature,yes,800.000000,1138.272949,3009.000000
grass,mature,yes,800.000000,1137.947998,3050.000000
grass,mature,yes,800.000000,1137.624023,3017.000000
grass,mature,yes,800.000000,1137.298950,3008.000000
grass,mature,yes,800.000000,1136.973999,3025.000000
grass,mature,yes,800.000000,1136.649048,3054.000000
grass,mature,yes,800.000000,1136.323975,3064.000000
grass,mature,yes,800.000000,1135.999023,3025.000000
grass,mature,yes,800.000000,1135.673950,3020.000000
grass,mature,yes,800.000000,1135.348999,2990.000000
grass,mature,yes,800.000000,1135.025024,3044.000000
grass,mature,yes,800.000000,1134.699951,3043.000000
grass,mature,yes,800.000000,1134.375000,3028.000000
grass,mature,yes,800.000000,1134.050049,3061.000000
grass,mature,yes,800.000000,1133.724976,3021.000000
grass,mature,yes,800.000000,1133.400024,3090.000000
grass,mature,yes,800.000000,1133.074951,3068.000000
grass,mature,yes,800.000000,1132.750000,3059.000000
grass,mature,yes,800.000000,1132.425049,2972.000000
grass,mature,yes,800.000000,1132.100952,3019.000000
grass,mature,yes,800.000000,1131.776001,3050.000000
grass,mature,yes,800.000000,1131.451050,3014.000000
grass,mature,yes,800.000000,1131.125977,3016.000000
grass,mature,yes,800.000000,1130.801025,3035.000000
grass,mature,yes,800.000000,1130.475952,3064.000000
grass,mature,yes,800.000000,1130.151001,3036.000000
grass,mature,yes,800.000000,1129.826050,3032.000000
grass,mature,yes,800.000000,1129.501953,3054.000000
grass,mature,yes,800.000000,1129.177002,3000.000000
grass,mature,yes,800.000000,1128.852051,3015.000000
grass,mature,yes,800.000000,1128.526978,3009.000000
grass,mature,yes,800.000000,1128.202026,3077.000000
grass,mature,yes,800.000000,1127.876953,3100.000000
grass,mature,yes,800.000000,1127.552002,2992.000000
grass,mature,yes,800.000000,1127.227051,2992.000000
grass,mature,yes,800.000000,1126.901978,3034.000000
grass,mature,yes,800.000000,1126.578003,3037.000000
grass,mature,yes,800.000000,1126.253052,3019.000000
grass,mature,yes,800.000000,1125.927979,3052.000000
grass,mature,yes,800.000000,1125.603027,3031.000000
grass,mature,yes,800.000000,1125.277954,3038.000000
grass,mature,yes,800.000000,1124.953003,3002.000000
grass,mature,yes,800.000000,1124.628052,3021.000000
grass,mature,yes,800.000000,1124.302979,3033.000000
grass,mature,yes,800.000000,1123.978027,3093.000000
grass,mature,yes,800.000000,1123.654053,3083.000000
grass,mature,yes,800.000000,1123.328979,3009.000000
grass,mature,yes,800.000000,1123.004028,3052.000000
grass,mature,yes,800.000000,1122.678955,3027.000000
grass,mature,yes,800.000000,1122.354004,3038.000000
grass,mature,yes,800.000000,1122.029053,2987.000000
grass,mature,yes,800.000000,1121.703979,3016.000000
grass,mature,yes,800.000000,1121.379028,3013.000000
grass,mature,yes,800.000000,1121.055054,3056.000000
grass,mature,yes,800.000000,1120.729980,3022.000000
grass,mature,yes,800.000000,1120.405029,3010.000000
grass,mature,yes,800.000000,1120.079956,3031.000000
grass,mature,yes,800.000000,1119.755005,2966.000000
grass,mature,yes,800.000000,1119.430054,3026.000000
grass,mature,yes,800.000000,1119.104980,3036.000000
grass,mature,yes,800.000000,1118.780029,3041.000000
grass,mature,yes,800.000000,1118.454956,2981.000000
grass,mature,yes,800.000000,1118.130981,2996.000000
grass,mature,yes,800.000000,1117.806030,3000.000000
grass,mature,yes,800.000000,1117.480957,3035.000000
grass,mature,yes,800.000000,1117.156006,3034.000000
grass,mature,yes,800.000000,1116.831055,3028.000000
grass,mature,yes,800.000000,1116.505981,3016.000000
grass,mature,yes,800.000000,1116.181030,3008.000000
grass,mature,yes,800.000000,1115.855957,2997.000000
grass,mature,yes,800.000000,1115.531982,3052.000000
grass,mature,yes,800.000000,1115.207031,3025.000000
grass,mature,yes,800.000000,1114.881958,3050.000000
grass,mature,yes,800.000000,1114.557007,3063.000000
grass,mature,yes,800.000000,1114.232056,3069.000000
grass,mature,yes,800.000000,1113.906982,3081.000000
grass,mature,yes,800.000000,1113.582031,3016.000000
grass,mature,yes,800.000000,1113.256958,3038.000000
grass,mature,yes,800.000000,1112.932007,3097.000000
grass,mature,yes,800.000000,1112.608032,3003.000000
grass,mature,yes,800.000000,1112.282959,3004.000000
grass,mature,yes,800.000000,1111.958008,3038.000000
grass,mature,yes,800.000000,1111.633057,3020.000000
grass,mature,yes,800.000000,1111.307983,3025.000000
grass,mature,yes,800.000000,1110.983032,3031.000000
grass,mature,yes,800.000000,1110.657959,3011.000000
grass,mature,yes,800.000000,1110.333008,3037.000000
grass,mature,yes,800.000000,1110.009033,2984.000000
grass,mature,yes,800.000000,1109.683960,3040.000000
grass,mature,yes,800.000000,1109.359009,3033.000000
grass,mature,yes,800.000000,1109.034058,3008.000000
grass,mature,yes,800.000000,1108.708984,3028.000000
grass,mature,yes,800.000000,1108.384033,3037.000000
grass,mature,yes,800.000000,1108.058960,3011.000000
grass,mature,yes,800.000000,1107.734009,3026.000000
grass,mature,yes,800.000000,1107.409058,3062.000000
grass,mature,yes,800.000000,1107.084961,3020.000000
grass,mature,yes,800.000000,1106.760010,3011.000000
grass,mature,yes,800.000000,1106.435059,3039.000000
grass,mature,yes,800.000000,1106.109985,3054.000000
grass,mature,yes,800.000000,1105.785034,3024.000000
grass,mature,yes,800.000000,1105.459961,3016.000000
grass,mature,yes,800.000000,1105.135010,3042.000000
grass,mature,yes,800.000000,1104.810059,3046.000000
grass,mature,yes,800.000000,1104.485962,3033.000000
grass,mature,yes,800.000000,1104.161011,3098.000000
grass,mature,yes,800.000000,1103.836060,3047.000000
grass,mature,yes,800.000000,1103.510986,3046.000000
grass,mature,yes,800.000000,1103.186035,3069.000000
grass,mature,yes,800.000000,1102.860962,3018.000000
grass,mature,yes,800.000000,1102.536011,3031.000000
grass,mature,yes,800.000000,1102.211060,3014.000000
grass,mature,yes,800.000000,1101.885986,3050.000000
grass,mature,yes,800.000000,1101.562012,3050.000000
grass,mature,yes,800.000000,1101.237061,3040.000000
grass,mature,yes,800.000000,1100.911987,3033.000000
grass,mature,yes,800.000000,1100.587036,3030.000000
grass,mature,yes,800.000000,1100.261963,3038.000000
grass,mature,yes,800.000000,1099.937012,3009.000000
grass,mature,yes,800.000000,1099.612061,3054.000000
grass,mature,yes,800.000000,1099.286987,3060.000000
grass,mature,yes,800.000000,1098.963013,3031.000000
grass,mature,yes,800.000000,1098.637939,3077.000000
grass,mature,yes,800.000000,1098.312988,3042.000000
grass,mature,yes,800.000000,1097.988037,3053.000000
grass,mature,yes,800.000000,1097.662964,3016.000000
grass,mature,yes,800.000000,1097.338013,3000.000000
grass,mature,yes,800.000000,1097.012939,2982.000000
grass,mature,yes,800.000000,1096.687988,3055.000000
grass,mature,yes,800.000000,1096.363037,3037.000000
grass,mature,yes,800.000000,1096.038940,3041.000000
grass,mature,yes,800.000000,1095.713989,3022.000000
grass,mature,yes,800.000000,1095.389038,3014.000000
grass,mature,yes,800.000000,1095.063965,3060.000000
grass,mature,yes,800.000000,1094.739014,3077.000000
grass,mature,yes,800.000000,1094.413940,3084.000000
grass,mature,yes,800.000000,1094.088989,3019.000000
grass,mature,yes,800.000000,1093.764038,3028.000000
grass,mature,yes,800.000000,1093.439941,3066.000000
grass,mature,yes,800.000000,1093.114990,3038.000000
grass,mature,yes,800.000000,1092.790039,2992.000000
grass,mature,yes,800.000000,1092.464966,3038.000000
grass,mature,yes,800.000000,1092.140015,3060.000000
grass,mature,yes,800.000000,1091.824951,3045.000000
grass,mature,yes,800.000000,1091.510010,3000.000000
grass,mature,yes,800.000000,1091.194946,3033.000000
grass,mature,yes,800.000000,1090.880005,3033.000000
grass,mature,yes,800.000000,1090.563965,3031.000000
grass,mature,yes,800.000000,1090.249023,3004.000000
grass,mature,yes,800.000000,1089.933960,2984.000000
grass,mature,yes,800.000000,1089.619019,2947.000000
grass,mature,yes,800.000000,1089.303955,3028.000000
grass,mature,yes,800.000000,1088.989014,3049.000000
grass,mature,yes,800.000000,1088.673950,3066.000000
grass,mature,yes,800.000000,1088.359009,3046.000000
grass,mature,yes,800.000000,1088.043945,3035.000000
grass,mature,yes,800.000000,1087.728027,3051.000000
grass,mature,yes,800.000000,1087.412964,3007.000000
grass,mature,yes,800.000000,1087.098022,3063.000000
grass,mature,yes,800.000000,1086.782959,3020.000000
grass,mature,yes,800.000000,1086.468018,3057.000000
grass,mature,yes,800.000000,1086.152954,3003.000000
grass,mature,yes,800.000000,1085.838013,3035.000000
grass,mature,yes,800.000000,1085.522949,3043.000000
grass,mature,yes,800.000000,1085.208008,3054.000000
grass,mature,yes,800.000000,1084.891968,3005.000000
grass,mature,yes,800.000000,1084.577026,3057.000000
grass,mature,yes,800.000000,1084.261963,3045.000000
grass,mature,yes,800.000000,1083.947021,2985.000000
grass,mature,yes,800.000000,1083.631958,3043.000000
grass,mature,yes,800.000000,1083.317017,3059.000000
grass,mature,yes,800.000000,1083.001953,3039.000000
grass,mature,yes,800.000000,1082.687012,3042.000000
grass,mature,yes,800.000000,1082.371948,3072.000000
grass,mature,yes,800.000000,1082.056030,3047.000000
grass,mature,yes,800.000000,1081.740967,2997.000000
grass,mature,yes,800.000000,1081.426025,3051.000000
grass,mature,yes,800.000000,1081.110962,2995.000000
grass,mature,yes,800.000000,1080.796021,3045.000000
grass,mature,yes,800.000000,1080.480957,3064.000000
grass,mature,yes,800.000000,1080.166016,3056.000000
grass,mature,yes,800.000000,1079.850952,3012.000000
grass,mature,yes,800.000000,1079.536011,3006.000000
grass,mature,yes,800.000000,1079.219971,3044.000000
grass,mature,yes,800.000000,1078.905029,3021.000000
grass,mature,yes,800.000000,1078.589966,3021.000000
grass,mature,yes,800.000000,1078.275024,3069.000000
grass,mature,yes,800.000000,1077.959961,3038.000000
grass,mature,yes,800.000000,1077.645020,3068.000000
grass,mature,yes,800.000000,1077.329956,3076.000000
grass,mature,yes,800.000000,1077.015015,3059.000000
grass,mature,yes,800.000000,1076.698975,3016.000000
grass,mature,yes,800.000000,1076.384033,3027.000000
grass,mature,yes,800.000000,1076.068970,3057.000000
grass,mature,yes,800.000000,1075.754028,3034.000000
grass,mature,yes,800.000000,1075.438965,2989.000000
grass,mature,yes,800.000000,1075.124023,3038.000000
grass,mature,yes,800.000000,1074.808960,3035.000000
grass,mature,yes,800.000000,1074.494019,3045.000000
grass,mature,yes,800.000000,1074.178955,3034.000000
grass,mature,yes,800.000000,1073.863037,3016.000000
grass,mature,yes,800.000000,1073.547974,3021.000000
grass,mature,yes,800.000000,1073.233032,3041.000000
grass,mature,yes,800.000000,1072.917969,2992.000000
grass,mature,yes,800.000000,1072.603027,2988.000000
grass,mature,yes,800.000000,1072.287964,2989.000000
grass,mature,yes,800.000000,1071.973022,2998.000000
grass,mature,yes,800.000000,1071.657959,3096.000000
grass,mature,yes,800.000000,1071.343018,3008.000000
grass,mature,yes,800.000000,1071.026978,3002.000000
grass,mature,yes,800.000000,1070.712036,3032.000000
grass,mature,yes,800.000000,1070.396973,3036.000000
grass,mature,yes,800.000000,1070.082031,3028.000000
grass,mature,yes,800.000000,1069.766968,3060.000000
grass,mature,yes,800.000000,1069.452026,3006.000000
grass,mature,yes,800.000000,1069.136963,2956.000000
grass,mature,yes,800.000000,1068.822021,2997.000000
grass,mature,yes,800.000000,1068.506958,3049.000000
grass,mature,yes,800.000000,1068.191040,3007.000000
grass,mature,yes,800.000000,1067.875977,3011.000000
grass,mature,yes,800.000000,1067.561035,3008.000000
grass,mature,yes,800.000000,1067.245972,3017.000000
grass,mature,yes,800.000000,1066.931030,3039.000000
grass,mature,yes,800.000000,1066.615967,3008.000000
grass,mature,yes,800.000000,1066.301025,3020.000000
grass,mature,yes,800.000000,1065.985962,3021.000000
grass,mature,yes,800.000000,1065.671021,3058.000000
grass,mature,yes,800.000000,1065.354980,3043.000000
grass,mature,yes,800.000000,1065.040039,3027.000000
grass,mature,yes,800.000000,1064.724976,2994.000000
grass,mature,yes,800.000000,1064.410034,3028.000000
grass,mature,yes,800.000000,1064.094971,3025.000000
grass,mature,yes,800.000000,1063.780029,3088.000000
grass,mature,yes,800.000000,1063.464966,3013.000000
grass,mature,yes,800.000000,1063.150024,3074.000000
grass,mature,yes,800.000000,1062.834961,3040.000000
grass,mature,yes,800.000000,1062.519043,3030.000000
grass,mature,yes,800.000000,1062.203979,3054.000000
grass,mature,yes,800.000000,1061.889038,3098.000000
grass,mature,yes,800.000000,1061.573975,3082.000000
grass,mature,yes,800.000000,1061.259033,3078.000000
grass,mature,yes,800.000000,1060.943970,3052.000000
grass,mature,yes,800.000000,1060.629028,3040.000000
grass,mature,yes,800.000000,1060.313965,3000.000000
grass,mature,yes,800.000000,1059.999023,2978.000000
grass,mature,yes,800.000000,1059.682983,3008.000000
grass,mature,yes,800.000000,1059.368042,3020.000000
grass,mature,yes,800.000000,1059.052979,3025.000000
grass,mature,yes,800.000000,1058.738037,3008.000000
grass,mature,yes,800.000000,1058.422974,3052.000000
grass,mature,yes,800.000000,1058.108032,3053.000000
grass,mature,yes,800.000000,1057.792969,3041.000000
grass,mature,yes,800.000000,1057.478027,3002.000000
grass,mature,yes,800.000000,1057.162964,3009.000000
grass,mature,yes,800.000000,1056.847046,3013.000000
grass,mature,yes,800.000000,1056.531982,3044.000000
grass,mature,yes,800.000000,1056.217041,3067.000000
grass,mature,yes,800.000000,1055.901978,3048.000000
grass,mature,yes,800.000000,1055.587036,3012.000000
grass,mature,yes,800.000000,1055.271973,3043.000000
grass,mature,yes,800.000000,1054.957031,3072.000000
grass,mature,yes,800.000000,1054.641968,3072.000000
grass,mature,yes,800.000000,1054.327026,3018.000000
grass,mature,yes,800.000000,1054.010986,3040.000000
grass,mature,yes,800.000000,1053.696045,3063.000000
grass,mature,yes,800.000000,1053.380981,3033.000000
grass,mature,yes,800.000000,1053.066040,2996.000000
grass,mature,yes,800.000000,1052.750977,3022.000000
grass,mature,yes,800.000000,1052.436035,3052.000000
grass,mature,yes,800.000000,1052.120972,3059.000000
grass,mature,yes,800.000000,1051.806030,3027.000000
grass,mature,yes,800.000000,1051.490967,3039.000000
grass,mature,yes,800.000000,1051.175049,2965.000000
grass,mature,yes,800.000000,1050.859985,2996.000000
grass,mature,yes,800.000000,1050.545044,2995.000000
grass,mature,yes,800.000000,1050.229980,2960.000000
grass,mature,yes,800.000000,1049.915039,3060.000000
grass,mature,yes,800.000000,1049.599976,3018.000000
grass,mature,yes,800.000000,1049.285034,2984.000000
grass,mature,yes,800.000000,1048.969971,3014.000000
grass,mature,yes,800.000000,1048.655029,3052.000000
grass,mature,yes,800.000000,1048.338989,3066.000000
grass,mature,yes,800.000000,1048.024048,3033.000000
grass,mature,yes,800.000000,1047.708984,2996.000000
grass,mature,yes,800.000000,1047.394043,3009.000000
grass,mature,yes,800.000000,1047.078979,3065.000000
grass,mature,yes,800.000000,1046.764038,3028.000000
grass,mature,yes,800.000000,1046.448975,3051.000000
grass,mature,yes,800.000000,1046.134033,3037.000000
grass,mature,yes,800.000000,1045.818970,3018.000000
grass,mature,yes,800.000000,1045.503052,3036.000000
grass,mature,yes,800.000000,1045.187988,2966.000000
grass,mature,yes,800.000000,1044.873047,3054.000000
grass,mature,yes,800.000000,1044.557983,3037.000000
grass,mature,yes,800.000000,1044.243042,3044.000000
grass,mature,yes,800.000000,1043.927979,3049.000000
grass,mature,yes,800.000000,1043.613037,3050.000000
grass,mature,yes,800.000000,1043.297974,3047.000000
grass,mature,yes,800.000000,1042.982056,3063.000000
grass,mature,yes,800.000000,1042.666992,3078.000000
grass,mature,yes,800.000000,1042.352051,3036.000000
grass,mature,yes,800.000000,1042.036987,3018.000000
grass,mature,yes,800.000000,1041.722046,3076.000000
grass,mature,yes,800.000000,1041.406982,3071.000000
grass,mature,yes,800.000000,1041.092041,3030.000000
grass,mature,yes,800.000000,1040.776978,3010.000000
grass,mature,yes,800.000000,1040.462036,3052.000000
grass,mature,yes,800.000000,1040.145996,3000.000000
grass,mature,yes,800.000000,1039.831055,3024.000000
grass,mature,yes,800.000000,1039.515991,3021.000000
grass,mature,yes,800.000000,1039.201050,3030.000000
grass,mature,yes,800.000000,1038.885986,3013.000000
grass,mature,yes,800.000000,1038.571045,3005.000000
grass,mature,yes,800.000000,1038.255981,3022.000000
grass,mature,yes,800.000000,1037.941040,3037.000000
grass,mature,yes,800.000000,1037.625977,3009.000000
grass,mature,yes,800.000000,1037.310059,2987.000000
grass,mature,yes,800.000000,1036.994995,3036.000000
grass,mature,yes,800.000000,1036.680054,3000.000000
grass,mature,yes,800.000000,1036.364990,3017.000000
grass,mature,yes,800.000000,1036.050049,3050.000000
grass,mature,yes,800.000000,1035.734985,2996.000000
grass,mature,yes,800.000000,1035.420044,3049.000000
grass,mature,yes,800.000000,1035.104980,3066.000000
grass,mature,yes,800.000000,1034.790039,3045.000000
grass,mature,yes,800.000000,1034.473999,3015.000000
grass,mature,yes,800.000000,1034.159058,3040.000000
grass,mature,yes,800.000000,1033.843994,3023.000000
grass,mature,yes,800.000000,1033.529053,3033.000000
grass,mature,yes,800.000000,1033.213989,3055.000000
grass,mature,yes,800.000000,1032.899048,3027.000000
grass,mature,yes,800.000000,1032.583984,3009.000000
grass,mature,yes,800.000000,1032.269043,3034.000000
grass,mature,yes,800.000000,1031.953979,3021.000000
grass,mature,yes,800.000000,1031.637939,3016.000000
grass,mature,yes,800.000000,1031.322998,3047.000000
grass,mature,yes,800.000000,1031.008057,3085.000000
grass,mature,yes,800.000000,1030.692993,3047.000000
grass,mature,yes,800.000000,1030.378052,3000.000000
grass,mature,yes,800.000000,1030.062988,3008.000000
grass,mature,yes,800.000000,1029.748047,2976.000000
grass,mature,yes,800.000000,1029.432983,2990.000000
grass,mature,yes,800.000000,1029.118042,3011.000000
grass,mature,yes,800.000000,1028.802002,3026.000000
grass,mature,yes,800.000000,1028.487061,2978.000000
grass,mature,yes,800.000000,1028.171997,3092.000000
grass,mature,yes,800.000000,1027.857056,3106.000000
grass,mature,yes,800.000000,1027.541992,3037.000000
grass,mature,yes,800.000000,1027.227051,3056.000000
grass,mature,yes,800.000000,1026.911987,3033.000000
grass,mature,yes,800.000000,1026.597046,2984.000000
grass,mature,yes,800.000000,1026.281982,2991.000000
grass,mature,yes,800.000000,1025.965942,3060.000000
grass,mature,yes,800.000000,1025.651001,3004.000000
grass,mature,yes,800.000000,1025.336060,3007.000000
grass,mature,yes,800.000000,1025.020996,3109.000000
grass,mature,yes,800.000000,1024.706055,3099.000000
grass,mature,yes,800.000000,1024.390991,3068.000000
grass,mature,yes,800.000000,1024.076050,3031.000000
grass,mature,yes,800.000000,1023.760986,3048.000000
grass,mature,yes,800.000000,1023.445984,3005.000000
grass,mature,yes,800.000000,1023.130005,3000.000000
grass,mature,yes,800.000000,1022.815002,3036.000000
grass,mature,yes,800.000000,1022.500000,3030.000000
grass,mature,yes,800.000000,1022.184998,3043.000000
grass,mature,yes,800.000000,1021.869995,3072.000000
grass,mature,yes,800.000000,1021.554993,3057.000000
grass,mature,yes,800.000000,1021.239990,3024.000000
grass,mature,yes,800.000000,1020.924988,3043.000000
grass,mature,yes,800.000000,1020.609985,3010.000000
grass,mature,yes,800.000000,1020.294006,3014.000000
grass,mature,yes,800.000000,1019.979004,2976.000000
grass,mature,yes,800.000000,1019.664001,3011.000000
grass,mature,yes,800.000000,1019.348999,3036.000000
grass,mature,yes,800.000000,1019.033997,3060.000000
grass,mature,yes,800.000000,1018.718994,3054.000000
grass,mature,yes,800.000000,1018.403992,3049.000000
grass,mature,yes,800.000000,1018.088989,3042.000000
grass,mature,yes,800.000000,1017.773987,3063.000000
grass,mature,yes,800.000000,1017.458008,3037.000000
grass,mature,yes,800.000000,1017.143005,3023.000000
grass,mature,yes,800.000000,1016.828003,3028.000000
grass,mature,yes,800.000000,1016.513000,3016.000000
grass,mature,yes,800.000000,1016.197998,3003.000000
grass,mature,yes,800.000000,1015.882996,3004.000000
grass,mature,yes,800.000000,1015.567993,2996.000000
grass,mature,yes,800.000000,1015.252991,3049.000000
grass,mature,yes,800.000000,1014.937988,3024.000000
grass,mature,yes,800.000000,1014.622009,3023.000000
grass,mature,yes,800.000000,1014.307007,3012.000000
grass,mature,yes,800.000000,1013.992004,2968.000000
grass,mature,yes,800.000000,1013.677002,3017.000000
grass,mature,yes,800.000000,1013.362000,3009.000000
grass,mature,yes,800.000000,1013.046997,3015.000000
grass,mature,yes,800.000000,1012.731995,3022.000000
grass,mature,yes,800.000000,1012.416992,3008.000000
grass,mature,yes,800.000000,1012.101990,3000.000000
grass,mature,yes,800.000000,1011.786011,3015.000000
grass,mature,yes,800.000000,1011.471008,3027.000000
grass,mature,yes,800.000000,1011.156006,3042.000000
grass,mature,yes,800.000000,1010.841003,3006.000000
grass,mature,yes,800.000000,1010.526001,3057.000000
grass,mature,yes,800.000000,1010.210999,3047.000000
grass,mature,yes,800.000000,1009.895996,3064.000000
grass,mature,yes,800.000000,1009.580994,3036.000000
grass,mature,yes,800.000000,1009.265015,3087.000000
grass,mature,yes,800.000000,1008.950012,3035.000000
grass,mature,yes,800.000000,1008.635010,3057.000000
grass,mature,yes,800.000000,1008.320007,3034.000000
grass,mature,yes,800.000000,1008.005005,3055.000000
grass,mature,yes,800.000000,1007.690002,3019.000000
grass,mature,yes,800.000000,1007.375000,3041.000000
grass,mature,yes,800.000000,1007.059998,3040.000000
grass,mature,yes,800.000000,1006.744995,3063.000000
grass,mature,yes,800.000000,1006.429016,3051.000000
grass,mature,yes,800.000000,1006.114014,3058.000000
grass,mature,yes,800.000000,1005.799011,3020.000000
grass,mature,yes,800.000000,1005.484009,3008.000000
grass,mature,yes,800.000000,1005.169006,3017.000000
grass,mature,yes,800.000000,1004.854004,3024.000000
grass,mature,yes,800.000000,1004.539001,3000.000000
grass,mature,yes,800.000000,1004.223999,2998.000000
grass,mature,yes,800.000000,1003.908997,3011.000000
grass,mature,yes,800.000000,1003.593018,3058.000000
grass,mature,yes,800.000000,1003.278015,3048.000000
grass,mature,yes,800.000000,1002.963013,3073.000000
grass,mature,yes,800.000000,1002.648010,3048.000000
grass,mature,yes,800.000000,1002.333008,3070.000000
grass,mature,yes,800.000000,1002.018005,3012.000000
grass,mature,yes,800.000000,1001.703003,3031.000000
grass,mature,yes,800.000000,1001.388000,3031.000000
grass,mature,yes,800.000000,1001.072998,2966.000000
grass,mature,yes,800.000000,1000.757019,3022.000000
grass,mature,yes,800.000000,1000.442017,3036.000000
grass,mature,yes,800.000000,1000.127014,3029.000000
grass,mature,yes,800.000000,999.812012,3069.000000
grass,mature,yes,800.000000,999.497009,3073.000000
grass,mature,yes,800.000000,999.182007,3075.000000
grass,mature,yes,800.000000,998.867004,3036.000000
grass,mature,yes,800.000000,998.552002,3063.000000
grass,mature,yes,800.000000,998.237000,3026.000000
grass,mature,yes,800.000000,997.921021,3069.000000
grass,mature,yes,800.000000,997.606018,3040.000000
grass,mature,yes,800.000000,997.291016,3012.000000
grass,mature,yes,800.000000,996.976013,3070.000000
grass,mature,yes,800.000000,996.661011,3028.000000
grass,mature,yes,800.000000,996.346008,3064.000000
grass,mature,yes,800.000000,996.031006,3053.000000
grass,mature,yes,800.000000,995.716003,3063.000000
grass,mature,yes,800.000000,995.401001,3077.000000
grass,mature,yes,800.000000,995.085022,3067.000000
grass,mature,yes,800.000000,994.770020,3036.000000
grass,mature,yes,800.000000,994.455017,3034.000000
grass,mature,yes,800.000000,994.140015,3068.000000
grass,mature,yes,800.000000,993.825012,3082.000000
grass,mature,yes,800.000000,993.510010,3033.000000
grass,mature,yes,800.000000,993.195007,3018.000000
grass,mature,yes,800.000000,992.880005,3021.000000
grass,mature,yes,800.000000,992.565002,3031.000000
grass,mature,yes,800.000000,992.249023,3016.000000
grass,mature,yes,800.000000,991.934021,3073.000000
grass,mature,yes,800.000000,991.619019,3032.000000
grass,mature,yes,800.000000,991.304016,3036.000000
grass,mature,yes,800.000000,990.989014,3023.000000
grass,mature,yes,800.000000,990.674011,3065.000000
grass,mature,yes,800.000000,990.359009,3047.000000
grass,mature,yes,800.000000,990.044006,3033.000000
grass,mature,yes,800.000000,989.729004,3013.000000
grass,mature,yes,800.000000,989.413025,2997.000000
grass,mature,yes,800.000000,989.098022,3023.000000
grass,mature,yes,800.000000,988.783020,3056.000000
grass,mature,yes,800.000000,988.468018,3024.000000
grass,mature,yes,800.000000,988.153015,3063.000000
grass,mature,yes,800.000000,987.838013,3036.000000
grass,mature,yes,800.000000,987.523010,3035.000000
grass,mature,yes,800.000000,987.208008,2996.000000
grass,mature,yes,800.000000,986.893005,2976.000000
grass,mature,yes,800.000000,986.577026,3072.000000
grass,mature,yes,800.000000,986.262024,3055.000000
grass,mature,yes,800.000000,985.947021,2986.000000
grass,mature,yes,800.000000,985.632019,3032.000000
grass,mature,yes,800.000000,985.317017,3075.000000
grass,mature,yes,800.000000,985.002014,3057.000000
grass,mature,yes,800.000000,984.687012,3084.000000
grass,mature,yes,800.000000,984.372009,3026.000000
grass,mature,yes,800.000000,984.057007,3038.000000
grass,mature,yes,800.000000,983.741028,2989.000000
grass,mature,yes,800.000000,983.426025,3015.000000
grass,mature,yes,800.000000,983.111023,3039.000000
grass,mature,yes,800.000000,982.796021,3056.000000
grass,mature,yes,800.000000,982.481018,3018.000000
grass,mature,yes,800.000000,982.166016,3065.000000
grass,mature,yes,800.000000,981.851013,3049.000000
grass,mature,yes,800.000000,981.536011,3036.000000
grass,mature,yes,800.000000,981.221008,3044.000000
grass,mature,yes,800.000000,980.905029,3041.000000
grass,mature,yes,800.000000,980.590027,3013.000000
grass,mature,yes,800.000000,980.275024,3008.000000
grass,mature,yes,800.000000,979.960022,3056.000000
grass,mature,yes,800.000000,979.645020,3050.000000
grass,mature,yes,800.000000,979.330017,3073.000000
grass,mature,yes,800.000000,979.015015,2988.000000
grass,mature,yes,800.000000,978.700012,3048.000000
grass,mature,yes,800.000000,978.383972,3029.000000
grass,mature,yes,800.000000,978.068970,3054.000000
grass,mature,yes,800.000000,977.754028,3047.000000
grass,mature,yes,800.000000,977.439026,3077.000000
grass,mature,yes,800.000000,977.124023,3035.000000
grass,mature,yes,800.000000,976.809021,2985.000000
grass,mature,yes,800.000000,976.494019,3023.000000
grass,mature,yes,800.000000,976.179016,3063.000000
grass,mature,yes,800.000000,975.864014,3019.000000
grass,mature,yes,800.000000,975.547974,3056.000000
grass,mature,yes,800.000000,975.232971,3036.000000
grass,mature,yes,800.000000,974.918030,3006.000000
grass,mature,yes,800.000000,974.603027,2999.000000
grass,mature,yes,800.000000,974.288025,2996.000000
grass,mature,yes,800.000000,973.973022,3022.000000
grass,mature,yes,800.000000,973.658020,3078.000000
grass,mature,yes,800.000000,973.343018,3014.000000
grass,mature,yes,800.000000,973.028015,3024.000000
grass,mature,yes,800.000000,972.711975,3069.000000
grass,mature,yes,800.000000,972.396973,3028.000000
grass,mature,yes,800.000000,972.081970,3029.000000
grass,mature,yes,800.000000,971.767029,3114.000000
grass,mature,yes,800.000000,971.452026,3077.000000
grass,mature,yes,800.000000,971.137024,3031.000000
grass,mature,yes,800.000000,970.822021,2993.000000
grass,mature,yes,800.000000,970.507019,3024.000000
grass,mature,yes,800.000000,970.192017,3016.000000
grass,mature,yes,800.000000,969.875977,3034.000000
grass,mature,yes,800.000000,969.560974,3090.000000
grass,mature,yes,800.000000,969.245972,3046.000000
grass,mature,yes,800.000000,968.931030,3025.000000
grass,mature,yes,800.000000,968.616028,3045.000000
grass,mature,yes,800.000000,968.301025,3026.000000
grass,mature,yes,800.000000,967.986023,3023.000000
grass,mature,yes,800.000000,967.671021,3070.000000
grass,mature,yes,800.000000,967.356018,3052.000000
grass,mature,yes,800.000000,967.039978,2970.000000
grass,mature,yes,800.000000,966.724976,3052.000000
grass,mature,yes,800.000000,966.409973,3065.000000
grass,mature,yes,800.000000,966.094971,3046.000000
grass,mature,yes,800.000000,965.780029,3038.000000
grass,mature,yes,800.000000,965.473999,3052.000000
grass,mature,yes,800.000000,965.169006,3069.000000
grass,mature,yes,800.000000,964.862976,3033.000000
grass,mature,yes,800.000000,964.557983,3016.000000
grass,mature,yes,800.000000,964.252014,3026.000000
grass,mature,yes,800.000000,963.945984,3007.000000
grass,mature,yes,800.000000,963.640991,3009.000000
grass,mature,yes,800.000000,963.335022,3004.000000
grass,mature,yes,800.000000,963.030029,3018.000000
grass,mature,yes,800.000000,962.723999,3037.000000
grass,mature,yes,800.000000,962.418030,2964.000000
grass,mature,yes,800.000000,962.112976,2961.000000
grass,mature,yes,800.000000,961.807007,3004.000000
grass,mature,yes,800.000000,961.502014,3001.000000
grass,mature,yes,800.000000,961.195984,3035.000000
grass,mature,yes,800.000000,960.890015,3022.000000
grass,mature,yes,800.000000,960.585022,3017.000000
grass,mature,yes,800.000000,960.278992,3052.000000
grass,mature,yes,800.000000,959.973999,3091.000000
grass,mature,yes,800.000000,959.668030,3043.000000
grass,mature,yes,800.000000,959.362000,3044.000000
grass,mature,yes,800.000000,959.057007,3007.000000
grass,mature,yes,800.000000,958.750977,3034.000000
grass,mature,yes,800.000000,958.445984,3012.000000
grass,mature,yes,800.000000,958.140015,3059.000000
grass,mature,yes,800.000000,957.833984,3032.000000
grass,mature,yes,800.000000,957.528992,2968.000000
grass,mature,yes,800.000000,957.223022,3074.000000
grass,mature,yes,800.000000,956.918030,3028.000000
grass,mature,yes,800.000000,956.612000,3025.000000
grass,mature,yes,800.000000,956.306030,3065.000000
grass,mature,yes,800.000000,956.000977,3071.000000
grass,mature,yes,800.000000,955.695007,3034.000000
grass,mature,yes,800.000000,955.390015,3053.000000
grass,mature,yes,800.000000,955.083984,3005.000000
grass,mature,yes,800.000000,954.778015,3011.000000
grass,mature,yes,800.000000,954.473022,3041.000000
grass,mature,yes,800.000000,954.166992,3054.000000
grass,mature,yes,800.000000,953.862000,3067.000000
grass,mature,yes,800.000000,953.556030,3025.000000
grass,mature,yes,800.000000,953.250000,3007.000000
grass,mature,yes,800.000000,952.945007,3024.000000
grass,mature,yes,800.000000,952.638977,3072.000000
grass,mature,yes,800.000000,952.333984,3012.000000
grass,mature,yes,800.000000,952.028015,3034.000000
grass,mature,yes,800.000000,951.721985,3031.000000
grass,mature,yes,800.000000,951.416992,3043.000000
grass,mature,yes,800.000000,951.111023,3063.000000
grass,mature,yes,800.000000,950.806030,3036.000000
grass,mature,yes,800.000000,950.500000,3011.000000
grass,mature,yes,800.000000,950.193970,2990.000000
grass,mature,yes,800.000000,949.888977,3032.000000
grass,mature,yes,800.000000,949.583008,3045.000000
grass,mature,yes,800.000000,949.278015,3053.000000
grass,mature,yes,800.000000,948.971985,3067.000000
grass,mature,yes,800.000000,948.666016,3032.000000
grass,mature,yes,800.000000,948.361023,3020.000000
grass,mature,yes,800.000000,948.054993,3040.000000
grass,mature,yes,800.000000,947.750000,3028.000000
grass,mature,yes,800.000000,947.443970,2982.000000
grass,mature,yes,800.000000,947.138000,2996.000000
grass,mature,yes,800.000000,946.833008,3063.000000
grass,mature,yes,800.000000,946.526978,3025.000000
grass,mature,yes,800.000000,946.221985,3016.000000
grass,mature,yes,800.000000,945.916016,3045.000000
grass,mature,yes,800.000000,945.609985,3020.000000
grass,mature,yes,800.000000,945.304993,2995.000000
grass,mature,yes,800.000000,944.999023,3021.000000
grass,mature,yes,800.000000,944.693970,3029.000000
grass,mature,yes,800.000000,944.388000,3021.000000
grass,mature,yes,800.000000,944.081970,3017.000000
grass,mature,yes,800.000000,943.776978,3077.000000
grass,mature,yes,800.000000,943.471008,3054.000000
grass,mature,yes,800.000000,943.166016,3052.000000
grass,mature,yes,800.000000,942.859985,3056.000000
grass,mature,yes,800.000000,942.554016,3038.000000
grass,mature,yes,800.000000,942.249023,3008.000000
grass,mature,yes,800.000000,941.942993,3073.000000
grass,mature,yes,800.000000,941.638000,3037.000000
grass,mature,yes,800.000000,941.331970,3036.000000
grass,mature,yes,800.000000,941.026001,3028.000000
grass,mature,yes,800.000000,940.721008,3072.000000
grass,mature,yes,800.000000,940.414978,3047.000000
grass,mature,yes,800.000000,940.109985,3029.000000
grass,mature,yes,800.000000,939.804016,3034.000000
grass,mature,yes,800.000000,939.497986,2982.000000
grass,mature,yes,800.000000,939.192993,3043.000000
grass,mature,yes,800.000000,938.887024,3022.000000
grass,mature,yes,800.000000,938.581970,3052.000000
grass,mature,yes,800.000000,938.276001,3014.000000
grass,mature,yes,800.000000,937.969971,3023.000000
grass,mature,yes,800.000000,937.664978,3014.000000
grass,mature,yes,800.000000,937.359009,3049.000000
grass,mature,yes,800.000000,937.054016,3011.000000
grass,mature,yes,800.000000,936.747986,3046.000000
grass,mature,yes,800.000000,936.442017,3049.000000
grass,mature,yes,800.000000,936.137024,3012.000000
grass,mature,yes,800.000000,935.830994,3067.000000
grass,mature,yes,800.000000,935.526001,3083.000000
grass,mature,yes,800.000000,935.219971,3047.000000
grass,mature,yes,800.000000,934.914001,2994.000000
grass,mature,yes,800.000000,934.609009,3034.000000
grass,mature,yes,800.000000,934.302979,3026.000000
grass,mature,yes,800.000000,933.997986,2996.000000
grass,mature,yes,800.000000,933.692017,3036.000000
grass,mature,yes,800.000000,933.385986,3029.000000
grass,mature,yes,800.000000,933.080994,3021.000000
grass,mature,yes,800.000000,932.775024,3018.000000
grass,mature,yes,800.000000,932.469971,3050.000000
grass,mature,yes,800.000000,932.164001,3012.000000
grass,mature,yes,800.000000,931.857971,3012.000000
grass,mature,yes,800.000000,931.552979,3030.000000
grass,mature,yes,800.000000,931.247009,3038.000000
grass,mature,yes,800.000000,930.942017,3016.000000
grass,mature,yes,800.000000,930.635986,3060.000000
grass,mature,yes,800.000000,930.330017,3083.000000
grass,mature,yes,800.000000,930.025024,3050.000000
grass,mature,yes,800.000000,929.718994,2992.000000
grass,mature,yes,800.000000,929.414001,3026.000000
grass,mature,yes,800.000000,929.107971,2995.000000
grass,mature,yes,800.000000,928.802002,3019.000000
grass,mature,yes,800.000000,928.497009,3028.000000
grass,mature,yes,800.000000,928.190979,3059.000000
grass,mature,yes,800.000000,927.885986,3095.000000
grass,mature,yes,800.000000,927.580017,3037.000000
grass,mature,yes,800.000000,927.273987,3030.000000
grass,mature,yes,800.000000,926.968994,3042.000000
grass,mature,yes,800.000000,926.663025,3045.000000
grass,mature,yes,800.000000,926.357971,2983.000000
grass,mature,yes,800.000000,926.052002,2992.000000
grass,mature,yes,800.000000,925.745972,2984.000000
grass,mature,yes,800.000000,925.440979,3020.000000
grass,mature,yes,800.000000,925.135010,3036.000000
grass,mature,yes,800.000000,924.830017,3061.000000
grass,mature,yes,800.000000,924.523987,3091.000000
grass,mature,yes,800.000000,924.218018,2990.000000
grass,mature,yes,800.000000,923.913025,3058.000000
grass,mature,yes,800.000000,923.606995,3033.000000
grass,mature,yes,800.000000,923.302002,3030.000000
grass,mature,yes,800.000000,922.995972,3016.000000
grass,mature,yes,800.000000,922.690002,3062.000000
grass,mature,yes,800.000000,922.385010,3039.000000
grass,mature,yes,800.000000,922.078979,3040.000000
grass,mature,yes,800.000000,921.773987,3047.000000
grass,mature,yes,800.000000,921.468018,3046.000000
grass,mature,yes,800.000000,921.161987,3020.000000
grass,mature,yes,800.000000,920.856995,3040.000000
grass,mature,yes,800.000000,920.551025,3042.000000
grass,mature,yes,800.000000,920.245972,3004.000000
grass,mature,yes,800.000000,919.940002,3021.000000
grass,mature,yes,800.000000,919.633972,3030.000000
grass,mature,yes,800.000000,919.328979,3060.000000
grass,mature,yes,800.000000,919.023010,3082.000000
grass,mature,yes,800.000000,918.718018,3093.000000
grass,mature,yes,800.000000,918.411987,3105.000000
grass,mature,yes,800.000000,918.106018,3041.000000
grass,mature,yes,800.000000,917.801025,3039.000000
grass,mature,yes,800.000000,917.494995,3004.000000
grass,mature,yes,800.000000,917.190002,3000.000000
grass,mature,yes,800.000000,916.883972,2991.000000
grass,mature,yes,800.000000,916.578003,3058.000000
grass,mature,yes,800.000000,916.273010,3054.000000
grass,mature,yes,800.000000,915.966980,3031.000000
grass,mature,yes,800.000000,915.661987,3005.000000
grass,mature,yes,800.000000,915.356018,3013.000000
grass,mature,yes,800.000000,915.049988,3034.000000
grass,mature,yes,800.000000,914.744995,2963.000000
grass,mature,yes,800.000000,914.439026,3019.000000
grass,mature,yes,800.000000,914.133972,3038.000000
grass,mature,yes,800.000000,913.828003,3027.000000
grass,mature,yes,800.000000,913.521973,3059.000000
grass,mature,yes,800.000000,913.216980,3033.000000
grass,mature,yes,800.000000,912.911011,3003.000000
grass,mature,yes,800.000000,912.606018,3036.000000
grass,mature,yes,800.000000,912.299988,2985.000000
grass,mature,yes,800.000000,911.997009,3057.000000
grass,mature,yes,800.000000,911.695007,3032.000000
grass,mature,yes,800.000000,911.392029,3048.000000
grass,mature,yes,800.000000,911.090027,3006.000000
grass,mature,yes,800.000000,910.786987,3048.000000
grass,mature,yes,800.000000,910.484009,3064.000000
grass,mature,yes,800.000000,910.182007,3030.000000
grass,mature,yes,800.000000,909.879028,3018.000000
grass,mature,yes,800.000000,909.575989,3041.000000
grass,mature,yes,800.000000,909.273987,3047.000000
grass,mature,yes,800.000000,908.971008,3057.000000
grass,mature,yes,800.000000,908.669006,3046.000000
grass,mature,yes,800.000000,908.366028,3060.000000
grass,mature,yes,800.000000,908.062988,3065.000000
grass,mature,yes,800.000000,907.760986,3034.000000
grass,mature,yes,800.000000,907.458008,3026.000000
grass,mature,yes,800.000000,907.156006,2999.000000
grass,mature,yes,800.000000,906.853027,3046.000000
grass,mature,yes,800.000000,906.549988,3039.000000
grass,mature,yes,800.000000,906.247986,3045.000000
grass,mature,yes,800.000000,905.945007,3022.000000
grass,mature,yes,800.000000,905.643005,3008.000000
grass,mature,yes,800.000000,905.340027,2978.000000
grass,mature,yes,800.000000,905.036987,3023.000000
grass,mature,yes,800.000000,904.734985,3014.000000
grass,mature,yes,800.000000,904.432007,3009.000000
grass,mature,yes,800.000000,904.129028,3067.000000
grass,mature,yes,800.000000,903.827026,3035.000000
grass,mature,yes,800.000000,903.523987,3062.000000
grass,mature,yes,800.000000,903.221985,3012.000000
grass,mature,yes,800.000000,902.919006,3018.000000
grass,mature,yes,800.000000,902.616028,3025.000000
grass,mature,yes,800.000000,902.314026,3060.000000
grass,mature,yes,800.000000,902.010986,3041.000000
grass,mature,yes,800.000000,901.708984,3049.000000
grass,mature,yes,800.000000,901.406006,2986.000000
grass,mature,yes,800.000000,901.103027,3033.000000
grass,mature,yes,800.000000,900.801025,3017.000000
grass,mature,yes,800.000000,900.497986,2997.000000
grass,mature,yes,800.000000,900.195984,3016.000000
grass,mature,yes,800.000000,899.893005,3052.000000
grass,mature,yes,800.000000,899.590027,3046.000000
grass,mature,yes,800.000000,899.288025,3069.000000
grass,mature,yes,800.000000,898.984985,3031.000000
grass,mature,yes,800.000000,898.682007,3028.000000
grass,mature,yes,800.000000,898.380005,2990.000000
grass,mature,yes,800.000000,898.077026,3008.000000
grass,mature,yes,800.000000,897.775024,3054.000000
grass,mature,yes,800.000000,897.471985,3033.000000
grass,mature,yes,800.000000,897.169006,3048.000000
grass,mature,yes,800.000000,896.867004,3005.000000
grass,mature,yes,800.000000,896.564026,3004.000000
grass,mature,yes,800.000000,896.262024,3001.000000
grass,mature,yes,800.000000,895.958984,3019.000000
grass,mature,yes,800.000000,895.656006,3036.000000
grass,mature,yes,800.000000,895.354004,2992.000000
grass,mature,yes,800.000000,895.051025,3048.000000
grass,mature,yes,800.000000,894.747986,3052.000000
grass,mature,yes,800.000000,894.445984,3042.000000
grass,mature,yes,800.000000,894.143005,3011.000000
grass,mature,yes,800.000000,893.841003,3036.000000
grass,mature,yes,800.000000,893.538025,3059.000000
grass,mature,yes,800.000000,893.234985,2989.000000
grass,mature,yes,800.000000,892.932983,3009.000000
grass,mature,yes,800.000000,892.630005,3052.000000
grass,mature,yes,800.000000,892.328003,3012.000000
grass,mature,yes,800.000000,892.025024,3023.000000
grass,mature,yes,800.000000,891.721985,3023.000000
grass,mature,yes,800.000000,891.419983,3079.000000
grass,mature,yes,800.000000,891.117004,3063.000000
grass,mature,yes,800.000000,890.814026,2999.000000
grass,mature,yes,800.000000,890.512024,3062.000000
grass,mature,yes,800.000000,890.208984,3055.000000
grass,mature,yes,800.000000,889.906982,3044.000000
grass,mature,yes,800.000000,889.604004,3002.000000
grass,mature,yes,800.000000,889.301025,2992.000000
grass,mature,yes,800.000000,888.999023,3015.000000
grass,mature,yes,800.000000,888.695984,3035.000000
grass,mature,yes,800.000000,888.393982,2993.000000
grass,mature,yes,800.000000,888.091003,3023.000000
grass,mature,yes,800.000000,887.788025,3007.000000
grass,mature,yes,800.000000,887.486023,3033.000000
grass,mature,yes,800.000000,887.182983,3046.000000
grass,mature,yes,800.000000,886.880981,3081.000000
grass,mature,yes,800.000000,886.578003,3012.000000
grass,mature,yes,800.000000,886.275024,3040.000000
grass,mature,yes,800.000000,885.973022,3057.000000
grass,mature,yes,800.000000,885.669983,3009.000000
grass,mature,yes,800.000000,885.367004,2977.000000
grass,mature,yes,800.000000,885.065002,3076.000000
grass,mature,yes,800.000000,884.762024,3039.000000
grass,mature,yes,800.000000,884.460022,2995.000000
grass,mature,yes,800.000000,884.156982,2977.000000
grass,mature,yes,800.000000,883.854004,3022.000000
grass,mature,yes,800.000000,883.552002,3062.000000
grass,mature,yes,800.000000,883.249023,3076.000000
grass,mature,yes,800.000000,882.947021,3052.000000
grass,mature,yes,800.000000,882.643982,3038.000000
grass,mature,yes,800.000000,882.341003,3029.000000
grass,mature,yes,800.000000,882.039001,3036.000000
grass,mature,yes,800.000000,881.736023,3008.000000
grass,mature,yes,800.000000,881.434021,3004.000000
grass,mature,yes,800.000000,881.130981,3070.000000
grass,mature,yes,800.000000,880.828003,3049.000000
grass,mature,yes,800.000000,880.526001,3043.000000
grass,mature,yes,800.000000,880.223022,3039.000000
grass,mature,yes,800.000000,879.919983,3065.000000
grass,mature,yes,800.000000,879.617981,3039.000000
grass,mature,yes,800.000000,879.315002,3028.000000
grass,mature,yes,800.000000,879.013000,3054.000000
grass,mature,yes,800.000000,878.710022,3049.000000
grass,mature,yes,800.000000,878.406982,3110.000000
grass,mature,yes,800.000000,878.104980,3060.000000
grass,mature,yes,800.000000,877.802002,3014.000000
grass,mature,yes,800.000000,877.500000,3060.000000
grass,mature,yes,800.000000,877.197021,2986.000000
grass,mature,yes,800.000000,876.893982,3039.000000
grass,mature,yes,800.000000,876.591980,3013.000000
grass,mature,yes,800.000000,876.289001,3056.000000
grass,mature,yes,800.000000,875.986023,3032.000000
grass,mature,yes,800.000000,875.684021,3014.000000
grass,mature,yes,800.000000,875.380981,3051.000000
grass,mature,yes,800.000000,875.078979,3075.000000
grass,mature,yes,800.000000,874.776001,3037.000000
grass,mature,yes,800.000000,874.473022,3004.000000
grass,mature,yes,800.000000,874.171021,3084.000000
grass,mature,yes,800.000000,873.867981,3046.000000
grass,mature,yes,800.000000,873.565979,2969.000000
grass,mature,yes,800.000000,873.263000,3074.000000
grass,mature,yes,800.000000,872.960022,3017.000000
grass,mature,yes,800.000000,872.658020,3012.000000
grass,mature,yes,800.000000,872.354980,3026.000000
grass,mature,yes,800.000000,872.052979,3063.000000
grass,mature,yes,800.000000,871.750000,3019.000000
grass,mature,yes,800.000000,871.447021,3013.000000
grass,mature,yes,800.000000,871.145020,3024.000000
grass,mature,yes,800.000000,870.841980,3052.000000
grass,mature,yes,800.000000,870.539001,2991.000000
grass,mature,yes,800.000000,870.237000,2996.000000
grass,mature,yes,800.000000,869.934021,2990.000000
grass,mature,yes,800.000000,869.632019,3019.000000
grass,mature,yes,800.000000,869.328979,3033.000000
grass,mature,yes,800.000000,869.026001,3030.000000
grass,mature,yes,800.000000,868.723999,3058.000000
grass,mature,yes,800.000000,868.421021,3027.000000
grass,mature,yes,800.000000,868.119019,3032.000000
grass,mature,yes,800.000000,867.815979,2979.000000
grass,mature,yes,800.000000,867.513000,3056.000000
grass,mature,yes,800.000000,867.210999,3069.000000
grass,mature,yes,800.000000,866.908020,3002.000000
grass,mature,yes,800.000000,866.606018,3001.000000
grass,mature,yes,800.000000,866.302979,3046.000000
grass,mature,yes,800.000000,866.000000,3052.000000
grass,mature,yes,800.000000,865.697998,3030.000000
grass,mature,yes,800.000000,865.395020,3081.000000
grass,mature,yes,800.000000,865.091980,2998.000000
grass,mature,yes,800.000000,864.789978,3010.000000
grass,mature,yes,800.000000,864.487000,3059.000000
grass,mature,yes,800.000000,864.184998,3033.000000
grass,mature,yes,800.000000,863.882019,3056.000000
grass,mature,yes,800.000000,863.578979,3021.000000
grass,mature,yes,800.000000,863.276978,3003.000000
grass,mature,yes,800.000000,862.973999,3033.000000
grass,mature,yes,800.000000,862.671997,3040.000000
grass,mature,yes,800.000000,862.369019,3021.000000
grass,mature,yes,800.000000,862.065979,3010.000000
grass,mature,yes,800.000000,861.763977,3000.000000
grass,mature,yes,800.000000,861.460999,3060.000000
grass,mature,yes,800.000000,861.158020,3023.000000
grass,mature,yes,800.000000,860.856018,3047.000000
grass,mature,yes,800.000000,860.552979,3062.000000
grass,mature,yes,800.000000,860.250977,3064.000000
grass,mature,yes,800.000000,859.947998,3054.000000
grass,mature,yes,800.000000,859.645020,3058.000000
grass,mature,yes,800.000000,859.343018,3084.000000
grass,mature,yes,800.000000,859.039978,3025.000000
grass,mature,yes,800.000000,858.737976,3056.000000
grass,mature,yes,800.000000,858.434998,3046.000000
grass,mature,yes,800.000000,858.132019,2990.000000
grass,mature,yes,800.000000,857.830017,3035.000000
grass,mature,yes,800.000000,857.526978,3032.000000
grass,mature,yes,800.000000,857.224976,3006.000000
grass,mature,yes,800.000000,856.921997,3033.000000
grass,mature,yes,800.000000,856.619019,3015.000000
grass,mature,yes,800.000000,856.317017,3038.000000
grass,mature,yes,800.000000,856.013977,3009.000000
grass,mature,yes,800.000000,855.710999,3028.000000
grass,mature,yes,800.000000,855.408997,3023.000000
grass,mature,yes,800.000000,855.106018,3027.000000
grass,mature,yes,800.000000,854.804016,3007.000000
grass,mature,yes,800.000000,854.500977,3052.000000
grass,mature,yes,800.000000,854.197998,3059.000000
grass,mature,yes,800.000000,853.895996,3049.000000
grass,mature,yes,800.000000,853.593018,3055.000000
grass,mature,yes,800.000000,853.291016,3046.000000
grass,mature,yes,800.000000,852.987976,3039.000000
grass,mature,yes,800.000000,852.684998,3011.000000
grass,mature,yes,800.000000,852.382996,3048.000000
grass,mature,yes,800.000000,852.080017,3074.000000
grass,mature,yes,800.000000,851.776978,3038.000000
grass,mature,yes,800.000000,851.474976,3066.000000
grass,mature,yes,800.000000,851.171997,3006.000000
grass,mature,yes,800.000000,850.869995,3017.000000
grass,mature,yes,800.000000,850.567017,3055.000000
grass,mature,yes,800.000000,850.263977,3042.000000
grass,mature,yes,800.000000,849.961975,3034.000000
grass,mature,yes,800.000000,849.658997,2990.000000
grass,mature,yes,800.000000,849.356995,3048.000000
grass,mature,yes,800.000000,849.054016,3022.000000
grass,mature,yes,800.000000,848.750977,2988.000000
grass,mature,yes,800.000000,848.448975,3024.000000
grass,mature,yes,800.000000,848.145996,3052.000000
grass,mature,yes,800.000000,847.843994,3014.000000
grass,mature,yes,800.000000,847.541016,3067.000000
grass,mature,yes,800.000000,847.237976,3030.000000
grass,mature,yes,800.000000,846.935974,3061.000000
grass,mature,yes,800.000000,846.632996,3063.000000
grass,mature,yes,800.000000,846.330017,3008.000000
grass,mature,yes,800.000000,846.028015,2970.000000
grass,mature,yes,800.000000,845.724976,3098.000000
grass,mature,yes,800.000000,845.422974,3084.000000
grass,mature,yes,800.000000,845.119995,3050.000000
grass,mature,yes,800.000000,844.817017,2985.000000
grass,mature,yes,800.000000,844.515015,3003.000000
grass,mature,yes,800.000000,844.211975,3002.000000
grass,mature,yes,800.000000,843.909973,3001.000000
grass,mature,yes,800.000000,843.606995,3084.000000
grass,mature,yes,800.000000,843.304016,2979.000000
grass,mature,yes,800.000000,843.002014,3084.000000
grass,mature,yes,800.000000,842.698975,3053.000000
grass,mature,yes,800.000000,842.395996,3114.000000
grass,mature,yes,800.000000,842.093994,3051.000000
grass,mature,yes,800.000000,841.791016,3011.000000
grass,mature,yes,800.000000,841.489014,3051.000000
grass,mature,yes,800.000000,841.185974,2998.000000
grass,mature,yes,800.000000,840.882996,2972.000000
grass,mature,yes,800.000000,840.580994,3004.000000
grass,mature,yes,800.000000,840.278015,3041.000000
grass,mature,yes,800.000000,839.976013,3034.000000
grass,mature,yes,800.000000,839.672974,3057.000000
grass,mature,yes,800.000000,839.369995,3064.000000
grass,mature,yes,800.000000,839.067993,3056.000000
grass,mature,yes,800.000000,838.765015,3040.000000
grass,mature,yes,800.000000,838.463013,3017.000000
grass,mature,yes,800.000000,838.159973,2989.000000
grass,mature,yes,800.000000,837.856995,3021.000000
grass,mature,yes,800.000000,837.554993,3063.000000
grass,mature,yes,800.000000,837.252014,3034.000000
grass,mature,yes,800.000000,836.948975,3008.000000
grass,mature,yes,800.000000,836.646973,3082.000000
grass,mature,yes,800.000000,836.343994,3085.000000
grass,mature,yes,800.000000,836.041992,3067.000000
grass,mature,yes,800.000000,835.739014,3065.000000
grass,mature,yes,800.000000,835.435974,3023.000000
grass,mature,yes,800.000000,835.133972,3025.000000
grass,mature,yes,800.000000,834.830994,3058.000000
grass,mature,yes,800.000000,834.528992,3012.000000
grass,mature,yes,800.000000,834.226013,3070.000000
grass,mature,yes,800.000000,833.922974,3052.000000
grass,mature,yes,800.000000,833.620972,3042.000000
grass,mature,yes,800.000000,833.317993,3028.000000
grass,mature,yes,800.000000,833.015015,3021.000000
grass,mature,yes,800.000000,832.713013,3060.000000
grass,mature,yes,800.000000,832.409973,2988.000000
grass,mature,yes,800.000000,832.107971,3012.000000
grass,mature,yes,800.000000,831.804993,3042.000000
grass,mature,yes,800.000000,831.502014,3059.000000
grass,mature,yes,800.000000,831.200012,3042.000000
grass,mature,yes,800.000000,830.896973,3077.000000
grass,mature,yes,800.000000,830.594971,2980.000000
grass,mature,yes,800.000000,830.291992,3015.000000
grass,mature,yes,800.000000,829.989014,3036.000000
grass,mature,yes,800.000000,829.687012,3039.000000
grass,mature,yes,800.000000,829.383972,2988.000000
grass,mature,yes,800.000000,829.081970,3000.000000
grass,mature,yes,800.000000,828.778992,3030.000000
grass,mature,yes,800.000000,828.476013,3089.000000
grass,mature,yes,800.000000,828.174011,3048.000000
grass,mature,yes,800.000000,827.870972,3040.000000
grass,mature,yes,800.000000,827.567993,3033.000000
grass,mature,yes,800.000000,827.265991,3050.000000
grass,mature,yes,800.000000,826.963013,3047.000000
grass,mature,yes,800.000000,826.661011,3059.000000
grass,mature,yes,800.000000,826.357971,3068.000000
grass,mature,yes,800.000000,826.054993,3021.000000
grass,mature,yes,800.000000,825.752991,3051.000000
grass,mature,yes,800.000000,825.450012,3040.000000
grass,mature,yes,800.000000,825.148010,3012.000000
grass,mature,yes,800.000000,824.844971,3054.000000
grass,mature,yes,800.000000,824.541992,3083.000000
grass,mature,yes,800.000000,824.239990,3096.000000
grass,mature,yes,800.000000,823.937012,3061.000000
grass,mature,yes,800.000000,823.635010,2976.000000
grass,mature,yes,800.000000,823.331970,3043.000000
grass,mature,yes,800.000000,823.028992,3032.000000
grass,mature,yes,800.000000,822.726990,3046.000000
grass,mature,yes,800.000000,822.424011,3048.000000
grass,mature,yes,800.000000,822.120972,3035.000000
grass,mature,yes,800.000000,821.818970,3045.000000
grass,mature,yes,800.000000,821.515991,3078.000000
grass,mature,yes,800.000000,821.213989,3057.000000
grass,mature,yes,800.000000,820.911011,3078.000000
grass,mature,yes,800.000000,820.607971,2994.000000
grass,mature,yes,800.000000,820.306030,3059.000000
grass,mature,yes,800.000000,820.002991,3056.000000
grass,mature,yes,800.000000,819.700989,3053.000000
grass,mature,yes,800.000000,819.398010,3069.000000
grass,mature,yes,800.000000,819.094971,3056.000000
grass,mature,yes,800.000000,818.793030,3046.000000
grass,mature,yes,800.000000,818.489990,3037.000000
grass,mature,yes,800.000000,818.187012,3059.000000
grass,mature,yes,800.000000,817.885010,3040.000000
grass,mature,yes,800.000000,817.581970,3021.000000
grass,mature,yes,800.000000,817.280029,3065.000000
grass,mature,yes,800.000000,816.976990,2974.000000
grass,mature,yes,800.000000,816.674011,3056.000000
grass,mature,yes,800.000000,816.372009,3059.000000
grass,mature,yes,800.000000,816.068970,3064.000000
grass,mature,yes,800.000000,815.767029,3041.000000
grass,mature,yes,800.000000,815.463989,3048.000000
grass,mature,yes,800.000000,815.161011,3061.000000
grass,mature,yes,800.000000,814.859009,3064.000000
grass,mature,yes,800.000000,814.556030,3043.000000
grass,mature,yes,800.000000,814.254028,3005.000000
grass,mature,yes,800.000000,813.950989,3020.000000
grass,mature,yes,800.000000,813.648010,3019.000000
grass,mature,yes,800.000000,813.346008,3026.000000
grass,mature,yes,800.000000,813.043030,3034.000000
grass,mature,yes,800.000000,812.739990,3060.000000
grass,mature,yes,800.000000,812.437988,3036.000000
grass,mature,yes,800.000000,812.135010,3018.000000
grass,mature,yes,800.000000,811.833008,2994.000000
grass,mature,yes,800.000000,811.530029,3024.000000
grass,mature,yes,800.000000,811.229980,3037.000000
grass,mature,yes,800.000000,810.929993,3066.000000
grass,mature,yes,800.000000,810.629028,3070.000000
grass,mature,yes,800.000000,810.328979,3069.000000
grass,mature,yes,800.000000,810.028992,3055.000000
grass,mature,yes,800.000000,809.729004,3086.000000
grass,mature,yes,800.000000,809.429016,3068.000000
grass,mature,yes,800.000000,809.129028,3083.000000
grass,mature,yes,800.000000,808.828003,3032.000000
grass,mature,yes,800.000000,808.528015,2993.000000
grass,mature,yes,800.000000,808.228027,3086.000000
grass,mature,yes,800.000000,807.927979,3107.000000
grass,mature,yes,800.000000,807.627991,3068.000000
grass,mature,yes,800.000000,807.327026,3073.000000
grass,mature,yes,800.000000,807.026978,3048.000000
grass,mature,yes,800.000000,806.726990,3066.000000
grass,mature,yes,800.000000,806.427002,3056.000000
grass,mature,yes,800.000000,806.127014,3061.000000
grass,mature,yes,800.000000,805.825989,3076.000000
grass,mature,yes,800.000000,805.526001,3045.000000
grass,mature,yes,800.000000,805.226013,3069.000000
grass,mature,yes,800.000000,804.926025,3055.000000
grass,mature,yes,800.000000,804.625977,3143.000000
grass,mature,yes,800.000000,804.325989,3152.000000
grass,mature,yes,800.000000,804.025024,3191.000000
grass,mature,yes,800.000000,803.724976,3280.000000
grass,mature,yes,800.000000,803.424988,3223.000000
grass,mature,yes,800.000000,803.125000,3382.000000
grass,mature,yes,800.000000,802.825012,3462.000000
grass,mature,yes,800.000000,802.523987,3607.000000
grass,mature,yes,800.000000,802.223999,3703.000000
grass,mature,yes,800.000000,801.924011,3948.000000
grass,mature,yes,800.000000,801.624023,4129.000000
grass,mature,yes,800.000000,801.323975,4427.000000
grass,mature,yes,800.000000,801.023010,4734.000000
grass,mature,yes,800.000000,800.723022,4956.000000
grass,mature,yes,800.000000,800.422974,5315.000000
grass,mature,yes,800.000000,800.122986,5647.000000
grass,mature,yes,800.000000,799.822998,6171.000000
grass,mature,yes,800.000000,799.523010,6617.000000
grass,mature,yes,800.000000,799.221985,7068.000000
grass,mature,yes,800.000000,798.921997,7712.000000
grass,mature,yes,800.000000,798.622009,8099.000000
grass,mature,yes,800.000000,798.322021,8589.000000
grass,mature,yes,800.000000,798.021973,8772.000000
grass,mature,yes,800.000000,797.721008,9016.000000
grass,mature,yes,800.000000,797.421021,8994.000000
grass,mature,yes,800.000000,797.120972,8884.000000
grass,mature,yes,800.000000,796.820984,8492.000000
grass,mature,yes,800.000000,796.520996,7510.000000
grass,mature,yes,800.000000,796.219971,6629.000000
grass,mature,yes,800.000000,795.919983,5934.000000
grass,mature,yes,800.000000,795.619995,5199.000000
grass,mature,yes,800.000000,795.320007,4552.000000
grass,mature,yes,800.000000,795.020020,3969.000000
grass,mature,yes,800.000000,794.719971,3617.000000
grass,mature,yes,800.000000,794.419006,3401.000000
grass,mature,yes,800.000000,794.119019,3186.000000
grass,mature,yes,800.000000,793.818970,3089.000000
grass,mature,yes,800.000000,793.518982,3102.000000
grass,mature,yes,800.000000,793.218994,3064.000000
grass,mature,yes,800.000000,792.918030,3068.000000
grass,mature,yes,800.000000,792.617981,3096.000000
grass,mature,yes,800.000000,792.317993,3065.000000
grass,mature,yes,800.000000,792.018005,3092.000000
grass,mature,yes,800.000000,791.718018,3071.000000
grass,mature,yes,800.000000,791.416992,3012.000000
grass,mature,yes,800.000000,791.117004,3020.000000
grass,mature,yes,800.000000,790.817017,3087.000000
grass,mature,yes,800.000000,790.517029,3062.000000
grass,mature,yes,800.000000,790.216980,3062.000000
grass,mature,yes,800.000000,789.916992,3066.000000
grass,mature,yes,800.000000,789.616028,3062.000000
grass,mature,yes,800.000000,789.315979,3065.000000
grass,mature,yes,800.000000,789.015991,3065.000000
grass,mature,yes,800.000000,788.716003,3084.000000
grass,mature,yes,800.000000,788.416016,3081.000000
grass,mature,yes,800.000000,788.114990,3005.000000
grass,mature,yes,800.000000,787.815002,3021.000000
grass,mature,yes,800.000000,787.515015,2995.000000
grass,mature,yes,800.000000,787.215027,3061.000000
grass,mature,yes,800.000000,786.914978,3057.000000
grass,mature,yes,800.000000,786.614014,3075.000000
grass,mature,yes,800.000000,786.314026,3041.000000
grass,mature,yes,800.000000,786.013977,3071.000000
grass,mature,yes,800.000000,785.713989,3036.000000
grass,mature,yes,800.000000,785.414001,3032.000000
grass,mature,yes,800.000000,785.114014,3024.000000
grass,mature,yes,800.000000,784.812988,3047.000000
grass,mature,yes,800.000000,784.513000,3035.000000
grass,mature,yes,800.000000,784.213013,3040.000000
grass,mature,yes,800.000000,783.913025,3059.000000
grass,mature,yes,800.000000,783.612976,3128.000000
grass,mature,yes,800.000000,783.312012,3069.000000
grass,mature,yes,800.000000,783.012024,3039.000000
grass,mature,yes,800.000000,782.711975,3052.000000
grass,mature,yes,800.000000,782.411987,3006.000000
grass,mature,yes,800.000000,782.112000,3054.000000
grass,mature,yes,800.000000,781.810974,3064.000000
grass,mature,yes,800.000000,781.510986,3048.000000
grass,mature,yes,800.000000,781.210999,3076.000000
grass,mature,yes,800.000000,780.911011,3047.000000
grass,mature,yes,800.000000,780.611023,3028.000000
grass,mature,yes,800.000000,780.310974,3053.000000
grass,mature,yes,800.000000,780.010010,3044.000000
grass,mature,yes,800.000000,779.710022,3093.000000
grass,mature,yes,800.000000,779.409973,3022.000000
grass,mature,yes,800.000000,779.109985,3033.000000
grass,mature,yes,800.000000,778.809998,3001.000000
grass,mature,yes,800.000000,778.508972,3026.000000
grass,mature,yes,800.000000,778.208984,3074.000000
grass,mature,yes,800.000000,777.908997,3036.000000
grass,mature,yes,800.000000,777.609009,3087.000000
grass,mature,yes,800.000000,777.309021,3043.000000
grass,mature,yes,800.000000,777.007996,3035.000000
grass,mature,yes,800.000000,776.708008,3040.000000
grass,mature,yes,800.000000,776.408020,3084.000000
grass,mature,yes,800.000000,776.107971,3061.000000
grass,mature,yes,800.000000,775.807983,3047.000000
grass,mature,yes,800.000000,775.507996,3015.000000
grass,mature,yes,800.000000,775.206970,3072.000000
grass,mature,yes,800.000000,774.906982,3004.000000
grass,mature,yes,800.000000,774.606995,3028.000000
grass,mature,yes,800.000000,774.307007,3053.000000
grass,mature,yes,800.000000,774.007019,3110.000000
grass,mature,yes,800.000000,773.705994,3059.000000
grass,mature,yes,800.000000,773.406006,3029.000000
grass,mature,yes,800.000000,773.106018,3033.000000
grass,mature,yes,800.000000,772.806030,2987.000000
grass,mature,yes,800.000000,772.505981,3045.000000
grass,mature,yes,800.000000,772.205017,3012.000000
grass,mature,yes,800.000000,771.905029,3046.000000
grass,mature,yes,800.000000,771.604980,3015.000000
grass,mature,yes,800.000000,771.304993,3043.000000
grass,mature,yes,800.000000,771.005005,2999.000000
grass,mature,yes,800.000000,770.705017,3007.000000
grass,mature,yes,800.000000,770.403992,3057.000000
grass,mature,yes,800.000000,770.104004,3011.000000
grass,mature,yes,800.000000,769.804016,3005.000000
grass,mature,yes,800.000000,769.504028,3096.000000
grass,mature,yes,800.000000,769.203979,3067.000000
grass,mature,yes,800.000000,768.903015,3015.000000
grass,mature,yes,800.000000,768.603027,3035.000000
grass,mature,yes,800.000000,768.302979,3063.000000
grass,mature,yes,800.000000,768.002991,3072.000000
grass,mature,yes,800.000000,767.703003,3020.000000
grass,mature,yes,800.000000,767.401978,3010.000000
grass,mature,yes,800.000000,767.101990,3050.000000
grass,mature,yes,800.000000,766.802002,3053.000000
grass,mature,yes,800.000000,766.502014,3015.000000
grass,mature,yes,800.000000,766.202026,3051.000000
grass,mature,yes,800.000000,765.901978,3052.000000
grass,mature,yes,800.000000,765.601013,3041.000000
grass,mature,yes,800.000000,765.301025,3054.000000
grass,mature,yes,800.000000,765.000977,3018.000000
grass,mature,yes,800.000000,764.700989,3037.000000
grass,mature,yes,800.000000,764.401001,2991.000000
grass,mature,yes,800.000000,764.099976,3004.000000
grass,mature,yes,800.000000,763.799988,3023.000000
grass,mature,yes,800.000000,763.500000,3021.000000
grass,mature,yes,800.000000,763.205017,3019.000000
grass,mature,yes,800.000000,762.909973,3074.000000
grass,mature,yes,800.000000,762.614990,3065.000000
grass,mature,yes,800.000000,762.320007,3069.000000
grass,mature,yes,800.000000,762.025024,3020.000000
grass,mature,yes,800.000000,761.729980,3028.000000
grass,mature,yes,800.000000,761.434998,3060.000000
grass,mature,yes,800.000000,761.140015,3035.000000
grass,mature,yes,800.000000,760.844971,3084.000000
grass,mature,yes,800.000000,760.549988,3047.000000
grass,mature,yes,800.000000,760.255005,3010.000000
grass,mature,yes,800.000000,759.960022,3046.000000
grass,mature,yes,800.000000,759.664978,3039.000000
grass,mature,yes,800.000000,759.369995,2981.000000
grass,mature,yes,800.000000,759.075012,3002.000000
grass,mature,yes,800.000000,758.780029,3036.000000
grass,mature,yes,800.000000,758.484985,2994.000000
grass,mature,yes,800.000000,758.190002,3014.000000
grass,mature,yes,800.000000,757.895020,3080.000000
grass,mature,yes,800.000000,757.599976,3065.000000
grass,mature,yes,800.000000,757.304993,3053.000000
grass,mature,yes,800.000000,757.010010,3044.000000
grass,mature,yes,800.000000,756.716003,3099.000000
grass,mature,yes,800.000000,756.421021,3017.000000
grass,mature,yes,800.000000,756.125977,3078.000000
grass,mature,yes,800.000000,755.830994,3030.000000
grass,mature,yes,800.000000,755.536011,3024.000000
grass,mature,yes,800.000000,755.241028,3040.000000
grass,mature,yes,800.000000,754.945984,3048.000000
grass,mature,yes,800.000000,754.651001,3009.000000
grass,mature,yes,800.000000,754.356018,3074.000000
grass,mature,yes,800.000000,754.060974,3029.000000
grass,mature,yes,800.000000,753.765991,3035.000000
grass,mature,yes,800.000000,753.471008,3011.000000
grass,mature,yes,800.000000,753.176025,3038.000000
grass,mature,yes,800.000000,752.880981,3030.000000
grass,mature,yes,800.000000,752.585999,3084.000000
grass,mature,yes,800.000000,752.291016,3091.000000
grass,mature,yes,800.000000,751.995972,2998.000000
grass,mature,yes,800.000000,751.700989,3040.000000
grass,mature,yes,800.000000,751.406006,3040.000000
grass,mature,yes,800.000000,751.111023,3032.000000
grass,mature,yes,800.000000,750.815979,3019.000000
grass,mature,yes,800.000000,750.520996,3062.000000
grass,mature,yes,800.000000,750.226013,3052.000000
grass,mature,yes,800.000000,749.931030,3041.000000
grass,mature,yes,800.000000,749.635986,2981.000000
grass,mature,yes,800.000000,749.341003,3001.000000
grass,mature,yes,800.000000,749.046021,3055.000000
grass,mature,yes,800.000000,748.750977,3017.000000
grass,mature,yes,800.000000,748.455994,3030.000000
grass,mature,yes,800.000000,748.161011,3064.000000
grass,mature,yes,800.000000,747.866028,3009.000000
grass,mature,yes,800.000000,747.570984,3026.000000
grass,mature,yes,800.000000,747.276001,3002.000000
grass,mature,yes,800.000000,746.981018,3040.000000
grass,mature,yes,800.000000,746.685974,3017.000000
grass,mature,yes,800.000000,746.390991,3062.000000
grass,mature,yes,800.000000,746.096008,3043.000000
grass,mature,yes,800.000000,745.801025,3045.000000
grass,mature,yes,800.000000,745.505981,3032.000000
grass,mature,yes,800.000000,745.210999,3065.000000
grass,mature,yes,800.000000,744.916016,3045.000000
grass,mature,yes,800.000000,744.620972,3086.000000
grass,mature,yes,800.000000,744.325989,3056.000000
grass,mature,yes,800.000000,744.031006,3069.000000
grass,mature,yes,800.000000,743.736023,3055.000000
grass,mature,yes,800.000000,743.442017,3060.000000
grass,mature,yes,800.000000,743.146973,3073.000000
grass,mature,yes,800.000000,742.851990,3057.000000
grass,mature,yes,800.000000,742.557007,3070.000000
grass,mature,yes,800.000000,742.262024,3091.000000
grass,mature,yes,800.000000,741.966980,3004.000000
grass,mature,yes,800.000000,741.671997,3013.000000
grass,mature,yes,800.000000,741.377014,3042.000000
grass,mature,yes,800.000000,741.081970,3023.000000
grass,mature,yes,800.000000,740.786987,3068.000000
grass,mature,yes,800.000000,740.492004,3018.000000
grass,mature,yes,800.000000,740.197021,3010.000000
grass,mature,yes,800.000000,739.901978,3076.000000
grass,mature,yes,800.000000,739.606995,3061.000000
grass,mature,yes,800.000000,739.312012,3061.000000
grass,mature,yes,800.000000,739.017029,3032.000000
grass,mature,yes,800.000000,738.721985,3080.000000
grass,mature,yes,800.000000,738.427002,3018.000000
grass,mature,yes,800.000000,738.132019,2987.000000
grass,mature,yes,800.000000,737.836975,3027.000000
grass,mature,yes,800.000000,737.541992,3013.000000
grass,mature,yes,800.000000,737.247009,2980.000000
grass,mature,yes,800.000000,736.952026,3004.000000
grass,mature,yes,800.000000,736.656982,3022.000000
grass,mature,yes,800.000000,736.362000,3035.000000
grass,mature,yes,800.000000,736.067017,3003.000000
grass,mature,yes,800.000000,735.771973,3030.000000
grass,mature,yes,800.000000,735.476990,3017.000000
grass,mature,yes,800.000000,735.182007,3027.000000
grass,mature,yes,800.000000,734.887024,3071.000000
grass,mature,yes,800.000000,734.591980,3058.000000
grass,mature,yes,800.000000,734.296997,3054.000000
grass,mature,yes,800.000000,734.002014,3089.000000
grass,mature,yes,800.000000,733.706970,3002.000000
grass,mature,yes,800.000000,733.411987,3050.000000
grass,mature,yes,800.000000,733.117004,2988.000000
grass,mature,yes,800.000000,732.822021,3048.000000
grass,mature,yes,800.000000,732.526978,3080.000000
grass,mature,yes,800.000000,732.231995,3033.000000
grass,mature,yes,800.000000,731.937012,3031.000000
grass,mature,yes,800.000000,731.642029,3015.000000
grass,mature,yes,800.000000,731.346985,3014.000000
grass,mature,yes,800.000000,731.052002,3035.000000
grass,mature,yes,800.000000,730.757019,3008.000000
grass,mature,yes,800.000000,730.461975,3020.000000
grass,mature,yes,800.000000,730.166992,3050.000000
grass,mature,yes,800.000000,729.872986,3069.000000
grass,mature,yes,800.000000,729.578003,3043.000000
grass,mature,yes,800.000000,729.283020,3022.000000
grass,mature,yes,800.000000,728.987976,3069.000000
grass,mature,yes,800.000000,728.692993,3032.000000
grass,mature,yes,800.000000,728.398010,3043.000000
grass,mature,yes,800.000000,728.103027,3044.000000
grass,mature,yes,800.000000,727.807983,3057.000000
grass,mature,yes,800.000000,727.513000,3019.000000
grass,mature,yes,800.000000,727.218018,3034.000000
grass,mature,yes,800.000000,726.922974,3001.000000
grass,mature,yes,800.000000,726.627991,3012.000000
grass,mature,yes,800.000000,726.333008,3067.000000
grass,mature,yes,800.000000,726.038025,3007.000000
grass,mature,yes,800.000000,725.742981,3040.000000
grass,mature,yes,800.000000,725.447998,3054.000000
grass,mature,yes,800.000000,725.153015,3015.000000
grass,mature,yes,800.000000,724.857971,2988.000000
grass,mature,yes,800.000000,724.562988,3058.000000
grass,mature,yes,800.000000,724.268005,3008.000000
grass,mature,yes,800.000000,723.973022,3005.000000
grass,mature,yes,800.000000,723.677979,3056.000000
grass,mature,yes,800.000000,723.382996,3061.000000
grass,mature,yes,800.000000,723.088013,3035.000000
grass,mature,yes,800.000000,722.793030,3029.000000
grass,mature,yes,800.000000,722.497986,3010.000000
grass,mature,yes,800.000000,722.203003,3013.000000
grass,mature,yes,800.000000,721.908020,3045.000000
grass,mature,yes,800.000000,721.612976,3040.000000
grass,mature,yes,800.000000,721.317993,3000.000000
grass,mature,yes,800.000000,721.023010,3091.000000
grass,mature,yes,800.000000,720.728027,3033.000000
grass,mature,yes,800.000000,720.432983,3024.000000
grass,mature,yes,800.000000,720.138000,3066.000000
grass,mature,yes,800.000000,719.843018,3012.000000
grass,mature,yes,800.000000,719.547974,3052.000000
grass,mature,yes,800.000000,719.252991,3039.000000
grass,mature,yes,800.000000,718.958008,3050.000000
grass,mature,yes,800.000000,718.663025,3046.000000
grass,mature,yes,800.000000,718.367981,3033.000000
grass,mature,yes,800.000000,718.072998,3007.000000
grass,mature,yes,800.000000,717.778015,2961.000000
grass,mature,yes,800.000000,717.482971,3036.000000
grass,mature,yes,800.000000,717.187988,3026.000000
grass,mature,yes,800.000000,716.893005,2998.000000
grass,mature,yes,800.000000,716.598022,3018.000000
grass,mature,yes,800.000000,716.304016,3043.000000
grass,mature,yes,800.000000,716.008972,3041.000000
grass,mature,yes,800.000000,715.713989,2992.000000
grass,mature,yes,800.000000,715.419006,3034.000000
grass,mature,yes,800.000000,715.124023,3048.000000
grass,mature,yes,800.000000,714.828979,3036.000000
grass,mature,yes,800.000000,714.533997,3062.000000
grass,mature,yes,800.000000,714.239014,3057.000000
grass,mature,yes,800.000000,713.943970,3021.000000
grass,mature,yes,800.000000,713.648987,2983.000000
grass,mature,yes,800.000000,713.354004,3035.000000
grass,mature,yes,800.000000,713.059021,3012.000000
grass,mature,yes,800.000000,712.763977,3041.000000
grass,mature,yes,800.000000,712.468994,3006.000000
grass,mature,yes,800.000000,712.174011,3004.000000
grass,mature,yes,800.000000,711.879028,3072.000000
grass,mature,yes,800.000000,711.583984,3084.000000
grass,mature,yes,800.000000,711.289001,3072.000000
grass,mature,yes,800.000000,710.994019,3105.000000
grass,mature,yes,800.000000,710.698975,3054.000000
grass,mature,yes,800.000000,710.403992,3021.000000
grass,mature,yes,800.000000,710.109009,3016.000000
grass,mature,yes,800.000000,709.814026,2990.000000
grass,mature,yes,800.000000,709.518982,3069.000000
grass,mature,yes,800.000000,709.223999,3014.000000
grass,mature,yes,800.000000,708.929016,3022.000000
grass,mature,yes,800.000000,708.633972,3031.000000
grass,mature,yes,800.000000,708.338989,2991.000000
grass,mature,yes,800.000000,708.044006,3008.000000
grass,mature,yes,800.000000,707.749023,3046.000000
grass,mature,yes,800.000000,707.453979,3017.000000
grass,mature,yes,800.000000,707.158997,3028.000000
grass,mature,yes,800.000000,706.864014,3060.000000
grass,mature,yes,800.000000,706.568970,3070.000000
grass,mature,yes,800.000000,706.273987,3043.000000
grass,mature,yes,800.000000,705.979004,3033.000000
grass,mature,yes,800.000000,705.684021,2985.000000
grass,mature,yes,800.000000,705.388977,3036.000000
grass,mature,yes,800.000000,705.093994,3036.000000
grass,mature,yes,800.000000,704.799011,3008.000000
grass,mature,yes,800.000000,704.504028,3014.000000
grass,mature,yes,800.000000,704.208984,3032.000000
grass,mature,yes,800.000000,703.914001,3024.000000
grass,mature,yes,800.000000,703.619019,3081.000000
grass,mature,yes,800.000000,703.323975,3072.000000
grass,mature,yes,800.000000,703.030029,3014.000000
grass,mature,yes,800.000000,702.734985,3013.000000
grass,mature,yes,800.000000,702.440002,3039.000000
grass,mature,yes,800.000000,702.145020,3018.000000
grass,mature,yes,800.000000,701.849976,3027.000000
grass,mature,yes,800.000000,701.554993,3040.000000
grass,mature,yes,800.000000,701.260010,3040.000000
grass,mature,yes,800.000000,700.965027,3059.000000
grass,mature,yes,800.000000,700.669983,2992.000000
grass,mature,yes,800.000000,700.375000,3035.000000
grass,mature,yes,800.000000,700.080017,3056.000000
grass,mature,yes,800.000000,699.784973,3058.000000
grass,mature,yes,800.000000,699.489990,3076.000000
grass,mature,yes,800.000000,699.195007,3048.000000
grass,mature,yes,800.000000,698.900024,3032.000000
grass,mature,yes,800.000000,698.604980,3052.000000
grass,mature,yes,800.000000,698.309998,3042.000000
grass,mature,yes,800.000000,698.015015,3037.000000
grass,mature,yes,800.000000,697.719971,3128.000000
grass,mature,yes,800.000000,697.424988,3069.000000
grass,mature,yes,800.000000,697.130005,3046.000000
grass,mature,yes,800.000000,696.835022,3058.000000
grass,mature,yes,800.000000,696.539978,3014.000000
grass,mature,yes,800.000000,696.252014,3006.000000
grass,mature,yes,800.000000,695.963989,3052.000000
grass,mature,yes,800.000000,695.676025,3002.000000
grass,mature,yes,800.000000,695.387024,3042.000000
grass,mature,yes,800.000000,695.098999,3050.000000
grass,mature,yes,800.000000,694.810974,3055.000000
grass,mature,yes,800.000000,694.523010,3023.000000
grass,mature,yes,800.000000,694.234985,3038.000000
grass,mature,yes,800.000000,693.947021,3049.000000
grass,mature,yes,800.000000,693.658997,3031.000000
grass,mature,yes,800.000000,693.369995,2998.000000
grass,mature,yes,800.000000,693.081970,2979.000000
grass,mature,yes,800.000000,692.794006,3046.000000
grass,mature,yes,800.000000,692.505981,3019.000000
grass,mature,yes,800.000000,692.218018,3021.000000
grass,mature,yes,800.000000,691.929993,3067.000000
grass,mature,yes,800.000000,691.642029,3024.000000
grass,mature,yes,800.000000,691.353027,3072.000000
grass,mature,yes,800.000000,691.065002,3098.000000
grass,mature,yes,800.000000,690.776978,3046.000000
grass,mature,yes,800.000000,690.489014,3025.000000
grass,mature,yes,800.000000,690.200989,3041.000000
grass,mature,yes,800.000000,689.913025,3020.000000
grass,mature,yes,800.000000,689.625000,3033.000000
grass,mature,yes,800.000000,689.335999,3028.000000
grass,mature,yes,800.000000,689.047974,3029.000000
grass,mature,yes,800.000000,688.760010,3003.000000
grass,mature,yes,800.000000,688.471985,3050.000000
grass,mature,yes,800.000000,688.184021,3036.000000
grass,mature,yes,800.000000,687.895996,3057.000000
grass,mature,yes,800.000000,687.607971,3003.000000
grass,mature,yes,800.000000,687.318970,2942.000000
grass,mature,yes,800.000000,687.031006,3028.000000
grass,mature,yes,800.000000,686.742981,3004.000000
grass,mature,yes,800.000000,686.455017,3031.000000
grass,mature,yes,800.000000,686.166992,3047.000000
grass,mature,yes,800.000000,685.879028,3018.000000
grass,mature,yes,800.000000,685.591003,3042.000000
grass,mature,yes,800.000000,685.302002,3037.000000
grass,mature,yes,800.000000,685.013977,3020.000000
grass,mature,yes,800.000000,684.726013,3041.000000
grass,mature,yes,800.000000,684.437988,3072.000000
grass,mature,yes,800.000000,684.150024,3062.000000
grass,mature,yes,800.000000,683.862000,3049.000000
grass,mature,yes,800.000000,683.572998,3042.000000
grass,mature,yes,800.000000,683.284973,3052.000000
grass,mature,yes,800.000000,682.997009,3043.000000
grass,mature,yes,800.000000,682.708984,3014.000000
grass,mature,yes,800.000000,682.421021,3050.000000
grass,mature,yes,800.000000,682.132996,2987.000000
grass,mature,yes,800.000000,681.844971,3015.000000
grass,mature,yes,800.000000,681.556030,3023.000000
grass,mature,yes,800.000000,681.268005,2970.000000
grass,mature,yes,800.000000,680.979980,2993.000000
grass,mature,yes,800.000000,680.692017,3022.000000
grass,mature,yes,800.000000,680.403992,3042.000000
grass,mature,yes,800.000000,680.116028,3016.000000
grass,mature,yes,800.000000,679.828003,3040.000000
grass,mature,yes,800.000000,679.539001,3033.000000
grass,mature,yes,800.000000,679.250977,3042.000000
grass,mature,yes,800.000000,678.963013,2984.000000
grass,mature,yes,800.000000,678.674988,3016.000000
grass,mature,yes,800.000000,678.387024,3034.000000
grass,mature,yes,800.000000,678.098999,3016.000000
grass,mature,yes,800.000000,677.810974,3021.000000
grass,mature,yes,800.000000,677.521973,3048.000000
grass,mature,yes,800.000000,677.234009,3025.000000
grass,mature,yes,800.000000,676.945984,3044.000000
grass,mature,yes,800.000000,676.658020,3033.000000
grass,mature,yes,800.000000,676.369995,3032.000000
grass,mature,yes,800.000000,676.081970,3020.000000
grass,mature,yes,800.000000,675.794006,3027.000000
grass,mature,yes,800.000000,675.505005,3030.000000
grass,mature,yes,800.000000,675.216980,3032.000000
grass,mature,yes,800.000000,674.929016,2988.000000
grass,mature,yes,800.000000,674.640991,3019.000000
grass,mature,yes,800.000000,674.353027,3013.000000
grass,mature,yes,800.000000,674.065002,3027.000000
grass,mature,yes,800.000000,673.776978,3023.000000
grass,mature,yes,800.000000,673.487976,3052.000000
grass,mature,yes,800.000000,673.200012,3012.000000
grass,mature,yes,800.000000,672.911987,3020.000000
grass,mature,yes,800.000000,672.624023,3022.000000
grass,mature,yes,800.000000,672.335999,3068.000000
grass,mature,yes,800.000000,672.047974,3010.000000
grass,mature,yes,800.000000,671.760010,3020.000000
grass,mature,yes,800.000000,671.471008,3044.000000
grass,mature,yes,800.000000,671.182983,3115.000000
grass,mature,yes,800.000000,670.895020,3069.000000
grass,mature,yes,800.000000,670.606995,3072.000000
grass,mature,yes,800.000000,670.318970,3010.000000
grass,mature,yes,800.000000,670.031006,3044.000000
grass,mature,yes,800.000000,669.742981,3062.000000
grass,mature,yes,800.000000,669.453979,3047.000000
grass,mature,yes,800.000000,669.166016,3060.000000
grass,mature,yes,800.000000,668.877991,3047.000000
grass,mature,yes,800.000000,668.590027,3065.000000
grass,mature,yes,800.000000,668.302002,3026.000000
grass,mature,yes,800.000000,668.013977,3016.000000
grass,mature,yes,800.000000,667.726013,3018.000000
grass,mature,yes,800.000000,667.437012,3063.000000
grass,mature,yes,800.000000,667.148987,3014.000000
grass,mature,yes,800.000000,666.861023,3046.000000
grass,mature,yes,800.000000,666.572998,3013.000000
grass,mature,yes,800.000000,666.284973,3035.000000
grass,mature,yes,800.000000,665.997009,3073.000000
grass,mature,yes,800.000000,665.708984,3086.000000
grass,mature,yes,800.000000,665.419983,3040.000000
grass,mature,yes,800.000000,665.132019,3027.000000
grass,mature,yes,800.000000,664.843994,3045.000000
grass,mature,yes,800.000000,664.556030,3032.000000
grass,mature,yes,800.000000,664.268005,3033.000000
grass,mature,yes,800.000000,663.979980,3097.000000
grass,mature,yes,800.000000,663.692017,3017.000000
grass,mature,yes,800.000000,663.403015,3070.000000
grass,mature,yes,800.000000,663.114990,2987.000000
grass,mature,yes,800.000000,662.827026,2994.000000
grass,mature,yes,800.000000,662.539001,2970.000000
grass,mature,yes,800.000000,662.250977,3034.000000
grass,mature,yes,800.000000,661.963013,3031.000000
grass,mature,yes,800.000000,661.674988,2990.000000
grass,mature,yes,800.000000,661.385986,3038.000000
grass,mature,yes,800.000000,661.098022,3008.000000
grass,mature,yes,800.000000,660.809998,3068.000000
grass,mature,yes,800.000000,660.521973,3072.000000
grass,mature,yes,800.000000,660.234009,3038.000000
grass,mature,yes,800.000000,659.945984,2983.000000
grass,mature,yes,800.000000,659.656982,3000.000000
grass,mature,yes,800.000000,659.369019,2991.000000
grass,mature,yes,800.000000,659.080994,3034.000000
grass,mature,yes,800.000000,658.793030,3009.000000
grass,mature,yes,800.000000,658.505005,3002.000000
grass,mature,yes,800.000000,658.216980,3020.000000
grass,mature,yes,800.000000,657.929016,3073.000000
grass,mature,yes,800.000000,657.640015,3053.000000
grass,mature,yes,800.000000,657.351990,3024.000000
grass,mature,yes,800.000000,657.064026,3081.000000
grass,mature,yes,800.000000,656.776001,3040.000000
grass,mature,yes,800.000000,656.487976,3019.000000
grass,mature,yes,800.000000,656.200012,3023.000000
grass,mature,yes,800.000000,655.911987,3033.000000
grass,mature,yes,800.000000,655.622986,3030.000000
grass,mature,yes,800.000000,655.335022,3027.000000
grass,mature,yes,800.000000,655.046997,3020.000000
grass,mature,yes,800.000000,654.758972,3091.000000
grass,mature,yes,800.000000,654.471008,3067.000000
grass,mature,yes,800.000000,654.182983,3023.000000
grass,mature,yes,800.000000,653.895020,3086.000000
grass,mature,yes,800.000000,653.606018,3060.000000
grass,mature,yes,800.000000,653.317993,3024.000000
grass,mature,yes,800.000000,653.030029,3022.000000
grass,mature,yes,800.000000,652.742004,3018.000000
grass,mature,yes,800.000000,652.453979,3068.000000
grass,mature,yes,800.000000,652.166016,3063.000000
grass,mature,yes,800.000000,651.877991,3090.000000
grass,mature,yes,800.000000,651.588989,3040.000000
grass,mature,yes,800.000000,651.301025,3067.000000
grass,mature,yes,800.000000,651.013000,3028.000000
grass,mature,yes,800.000000,650.724976,3008.000000
grass,mature,yes,800.000000,650.437012,3045.000000
grass,mature,yes,800.000000,650.148987,3050.000000
grass,mature,yes,800.000000,649.861023,3023.000000
grass,mature,yes,800.000000,649.572021,3031.000000
grass,mature,yes,800.000000,649.283997,3059.000000
grass,mature,yes,800.000000,648.995972,3053.000000
grass,mature,yes,800.000000,648.708008,3010.000000
grass,mature,yes,800.000000,648.419983,3021.000000
grass,mature,yes,800.000000,648.132019,3051.000000
grass,mature,yes,800.000000,647.843994,3030.000000
grass,mature,yes,800.000000,647.554993,3025.000000
grass,mature,yes,800.000000,647.267029,3009.000000
grass,mature,yes,800.000000,646.979004,3037.000000
grass,mature,yes,800.000000,646.690979,3076.000000
grass,mature,yes,800.000000,646.403015,3116.000000
grass,mature,yes,800.000000,646.114990,3064.000000
grass,mature,yes,800.000000,645.827026,2995.000000
grass,mature,yes,800.000000,645.538025,2978.000000
grass,mature,yes,800.000000,645.250000,3004.000000
grass,mature,yes,800.000000,644.961975,3030.000000
grass,mature,yes,800.000000,644.674011,3029.000000
grass,mature,yes,800.000000,644.385986,3027.000000
grass,mature,yes,800.000000,644.098022,3045.000000
grass,mature,yes,800.000000,643.809998,3075.000000
grass,mature,yes,800.000000,643.520996,3059.000000
grass,mature,yes,800.000000,643.232971,3043.000000
grass,mature,yes,800.000000,642.945007,3008.000000
grass,mature,yes,800.000000,642.656982,3065.000000
grass,mature,yes,800.000000,642.369019,3025.000000
grass,mature,yes,800.000000,642.080994,3051.000000
grass,mature,yes,800.000000,641.793030,3025.000000
grass,mature,yes,800.000000,641.504028,3058.000000
grass,mature,yes,800.000000,641.216003,3007.000000
grass,mature,yes,800.000000,640.927979,3001.000000
grass,mature,yes,800.000000,640.640015,3073.000000
grass,mature,yes,800.000000,640.351990,3023.000000
grass,mature,yes,800.000000,640.064026,2994.000000
grass,mature,yes,800.000000,639.776001,2997.000000
grass,mature,yes,800.000000,639.487000,2989.000000
grass,mature,yes,800.000000,639.198975,2972.000000
grass,mature,yes,800.000000,638.911011,2981.000000
grass,mature,yes,800.000000,638.622986,3007.000000
grass,mature,yes,800.000000,638.335022,3012.000000
grass,mature,yes,800.000000,638.046997,3033.000000
grass,mature,yes,800.000000,637.758972,3033.000000
grass,mature,yes,800.000000,637.469971,3074.000000
grass,mature,yes,800.000000,637.182007,3045.000000
grass,mature,yes,800.000000,636.893982,3047.000000
grass,mature,yes,800.000000,636.606018,3009.000000
grass,mature,yes,800.000000,636.317993,3019.000000
grass,mature,yes,800.000000,636.030029,3033.000000
grass,mature,yes,800.000000,635.741028,3072.000000
grass,mature,yes,800.000000,635.453003,3048.000000
grass,mature,yes,800.000000,635.164978,3086.000000
grass,mature,yes,800.000000,634.877014,3039.000000
grass,mature,yes,800.000000,634.588989,3032.000000
grass,mature,yes,800.000000,634.301025,3002.000000
grass,mature,yes,800.000000,634.013000,3037.000000
grass,mature,yes,800.000000,633.723999,3015.000000
grass,mature,yes,800.000000,633.435974,3003.000000
grass,mature,yes,800.000000,633.148010,3016.000000
grass,mature,yes,800.000000,632.859985,3010.000000
grass,mature,yes,800.000000,632.572021,3028.000000
grass,mature,yes,800.000000,632.283997,3016.000000
grass,mature,yes,800.000000,631.995972,3100.000000
grass,mature,yes,800.000000,631.706970,3006.000000
grass,mature,yes,800.000000,631.419006,3044.000000
grass,mature,yes,800.000000,631.130981,3039.000000
grass,mature,yes,800.000000,630.843018,3042.000000
grass,mature,yes,800.000000,630.554993,3082.000000
grass,mature,yes,800.000000,630.267029,3034.000000
grass,mature,yes,800.000000,629.979004,3069.000000
grass,mature,yes,800.000000,629.690002,3064.000000
grass,mature,yes,800.000000,629.401978,3036.000000
grass,mature,yes,800.000000,629.114014,3038.000000
grass,mature,yes,800.000000,628.825989,3062.000000
grass,mature,yes,800.000000,628.538025,3025.000000
grass,mature,yes,800.000000,628.250000,3039.000000
grass,mature,yes,800.000000,627.961975,3079.000000
grass,mature,yes,800.000000,627.672974,3036.000000
grass,mature,yes,800.000000,627.385010,3052.000000
grass,mature,yes,800.000000,627.096985,3020.000000
grass,mature,yes,800.000000,626.809021,3052.000000
grass,mature,yes,800.000000,626.520996,3055.000000
grass,mature,yes,800.000000,626.232971,3013.000000
grass,mature,yes,800.000000,625.945007,3012.000000
grass,mature,yes,800.000000,625.656006,3026.000000
grass,mature,yes,800.000000,625.367981,3002.000000
grass,mature,yes,800.000000,625.080017,3004.000000
grass,mature,yes,800.000000,624.791992,3030.000000
grass,mature,yes,800.000000,624.504028,2998.000000
grass,mature,yes,800.000000,624.216003,2996.000000
grass,mature,yes,800.000000,623.927979,3065.000000
grass,mature,yes,800.000000,623.638977,3035.000000
grass,mature,yes,800.000000,623.351013,2992.000000
grass,mature,yes,800.000000,623.062988,2960.000000
grass,mature,yes,800.000000,622.775024,3024.000000
grass,mature,yes,800.000000,622.487000,3060.000000
grass,mature,yes,800.000000,622.198975,3054.000000
grass,mature,yes,800.000000,621.911011,3049.000000
grass,mature,yes,800.000000,621.622009,3051.000000
grass,mature,yes,800.000000,621.333984,3050.000000
grass,mature,yes,800.000000,621.046021,3032.000000
grass,mature,yes,800.000000,620.757996,3033.000000
grass,mature,yes,800.000000,620.469971,3029.000000
grass,mature,yes,800.000000,620.182007,2972.000000
grass,mature,yes,800.000000,619.893982,3048.000000
grass,mature,yes,800.000000,619.604980,3066.000000
grass,mature,yes,800.000000,619.317017,3026.000000
grass,mature,yes,800.000000,619.028992,3015.000000
grass,mature,yes,800.000000,618.741028,3044.000000
grass,mature,yes,800.000000,618.453003,3006.000000
grass,mature,yes,800.000000,618.164978,3027.000000
grass,mature,yes,800.000000,617.877014,3072.000000
grass,mature,yes,800.000000,617.588013,2998.000000
grass,mature,yes,800.000000,617.299988,3055.000000
grass,mature,yes,800.000000,617.012024,3004.000000
grass,mature,yes,800.000000,616.723999,3013.000000
grass,mature,yes,800.000000,616.435974,3082.000000
grass,mature,yes,800.000000,616.148010,3017.000000
grass,mature,yes,800.000000,615.859985,2993.000000
grass,mature,yes,800.000000,615.570984,3054.000000
grass,mature,yes,800.000000,615.283020,3007.000000
grass,mature,yes,800.000000,614.994995,3041.000000
grass,mature,yes,800.000000,614.706970,3012.000000
grass,mature,yes,800.000000,614.419006,3048.000000
grass,mature,yes,800.000000,614.130981,2998.000000
grass,mature,yes,800.000000,613.843018,3068.000000
grass,mature,yes,800.000000,613.554016,3044.000000
grass,mature,yes,800.000000,613.265991,3030.000000
grass,mature,yes,800.000000,612.978027,3028.000000
grass,mature,yes,800.000000,612.690002,3042.000000
grass,mature,yes,800.000000,612.401978,3104.000000
grass,mature,yes,800.000000,612.114014,3040.000000
grass,mature,yes,800.000000,611.825012,2998.000000
grass,mature,yes,800.000000,611.536987,3039.000000
grass,mature,yes,800.000000,611.249023,3063.000000
grass,mature,yes,800.000000,610.960999,3028.000000
grass,mature,yes,800.000000,610.672974,3014.000000
grass,mature,yes,800.000000,610.385010,3022.000000
grass,mature,yes,800.000000,610.096985,3055.000000
grass,mature,yes,800.000000,609.807983,3034.000000
grass,mature,yes,800.000000,609.520020,3033.000000
grass,mature,yes,800.000000,609.231995,3025.000000
grass,mature,yes,800.000000,608.943970,3007.000000
grass,mature,yes,800.000000,608.656006,3000.000000
grass,mature,yes,800.000000,608.367981,3031.000000
grass,mature,yes,800.000000,608.080017,3042.000000
grass,mature,yes,800.000000,607.791016,3044.000000
grass,mature,yes,800.000000,607.502991,3082.000000
grass,mature,yes,800.000000,607.215027,3027.000000
grass,mature,yes,800.000000,606.927002,3023.000000
grass,mature,yes,800.000000,606.638977,3030.000000
grass,mature,yes,800.000000,606.351013,2979.000000
grass,mature,yes,800.000000,606.062988,3057.000000
grass,mature,yes,800.000000,605.773987,3008.000000
grass,mature,yes,800.000000,605.486023,3053.000000
grass,mature,yes,800.000000,605.197998,3065.000000
grass,mature,yes,800.000000,604.909973,3021.000000
grass,mature,yes,800.000000,604.622009,3032.000000
grass,mature,yes,800.000000,604.333984,2994.000000
grass,mature,yes,800.000000,604.046021,3103.000000
grass,mature,yes,800.000000,603.757019,3016.000000
grass,mature,yes,800.000000,603.468994,3075.000000
grass,mature,yes,800.000000,603.181030,2993.000000
grass,mature,yes,800.000000,602.893005,3025.000000
grass,mature,yes,800.000000,602.604980,3004.000000
grass,mature,yes,800.000000,602.317017,3017.000000
grass,mature,yes,800.000000,602.028992,3021.000000
grass,mature,yes,800.000000,601.739990,3034.000000
grass,mature,yes,800.000000,601.452026,3072.000000
grass,mature,yes,800.000000,601.164001,3011.000000
grass,mature,yes,800.000000,600.875977,2989.000000
grass,mature,yes,800.000000,600.588013,2977.000000
grass,mature,yes,800.000000,600.299988,3028.000000
grass,mature,yes,800.000000,600.012024,3025.000000
grass,mature,yes,800.000000,599.723022,3016.000000
grass,mature,yes,800.000000,599.434998,3070.000000
grass,mature,yes,800.000000,599.146973,3017.000000
grass,mature,yes,800.000000,598.859009,3030.000000
grass,mature,yes,800.000000,598.570984,3047.000000
grass,mature,yes,800.000000,598.283020,3027.000000
grass,mature,yes,800.000000,597.994995,2994.000000
grass,mature,yes,800.000000,597.705994,2997.000000
grass,mature,yes,800.000000,597.418030,3003.000000
grass,mature,yes,800.000000,597.130005,3028.000000
grass,mature,yes,800.000000,596.841980,3040.000000
grass,mature,yes,800.000000,596.554016,3060.000000
grass,mature,yes,800.000000,596.265991,3031.000000
grass,mature,yes,800.000000,595.978027,3077.000000
grass,mature,yes,800.000000,595.689026,3092.000000
grass,mature,yes,800.000000,595.401001,3039.000000
grass,mature,yes,800.000000,595.112976,2993.000000
grass,mature,yes,800.000000,594.825012,2986.000000
grass,mature,yes,800.000000,594.536987,3050.000000
grass,mature,yes,800.000000,594.249023,3051.000000
grass,mature,yes,800.000000,593.960999,3032.000000
grass,mature,yes,800.000000,593.671997,3025.000000
grass,mature,yes,800.000000,593.383972,3034.000000
grass,mature,yes,800.000000,593.096008,3061.000000
grass,mature,yes,800.000000,592.807983,3024.000000
grass,mature,yes,800.000000,592.520020,2992.000000
grass,mature,yes,800.000000,592.231995,2967.000000
grass,mature,yes,800.000000,591.943970,2961.000000
grass,mature,yes,800.000000,591.655029,2996.000000
grass,mature,yes,800.000000,591.367004,3069.000000
grass,mature,yes,800.000000,591.078979,3091.000000
grass,mature,yes,800.000000,590.791016,3054.000000
grass,mature,yes,800.000000,590.502991,3066.000000
grass,mature,yes,800.000000,590.215027,3024.000000
grass,mature,yes,800.000000,589.927002,3023.000000
grass,mature,yes,800.000000,589.638000,2979.000000
grass,mature,yes,800.000000,589.349976,3077.000000
grass,mature,yes,800.000000,589.062012,3048.000000
grass,mature,yes,800.000000,588.773987,3077.000000
grass,mature,yes,800.000000,588.486023,3040.000000
grass,mature,yes,800.000000,588.197998,3045.000000
grass,mature,yes,800.000000,587.908997,3003.000000
grass,mature,yes,800.000000,587.620972,3031.000000
grass,mature,yes,800.000000,587.333008,3016.000000
grass,mature,yes,800.000000,587.044983,3055.000000
grass,mature,yes,800.000000,586.757019,3042.000000
grass,mature,yes,800.000000,586.468994,3008.000000
grass,mature,yes,800.000000,586.181030,3018.000000
grass,mature,yes,800.000000,585.892029,3007.000000
grass,mature,yes,800.000000,585.604004,3046.000000
grass,mature,yes,800.000000,585.315979,3043.000000
grass,mature,yes,800.000000,585.028015,3046.000000
grass,mature,yes,800.000000,584.739990,3057.000000
grass,mature,yes,800.000000,584.452026,3025.000000
grass,mature,yes,800.000000,584.164001,3019.000000
grass,mature,yes,800.000000,583.875000,3013.000000
grass,mature,yes,800.000000,583.586975,3013.000000
grass,mature,yes,800.000000,583.299011,3065.000000
grass,mature,yes,800.000000,583.010986,3086.000000
grass,mature,yes,800.000000,582.723022,3101.000000
grass,mature,yes,800.000000,582.434998,3075.000000
grass,mature,yes,800.000000,582.146973,2994.000000
grass,mature,yes,800.000000,581.857971,3022.000000
grass,mature,yes,800.000000,581.570007,3066.000000
grass,mature,yes,800.000000,581.281982,3048.000000
grass,mature,yes,800.000000,580.994019,3021.000000
grass,mature,yes,800.000000,580.705994,3004.000000
grass,mature,yes,800.000000,580.418030,3028.000000
grass,mature,yes,800.000000,580.130005,3025.000000
grass,mature,yes,800.000000,579.841003,3011.000000
grass,mature,yes,800.000000,579.552979,3027.000000
grass,mature,yes,800.000000,579.265015,3048.000000
grass,mature,yes,800.000000,578.976990,3030.000000
grass,mature,yes,800.000000,578.689026,3044.000000
grass,mature,yes,800.000000,578.401001,3013.000000
grass,mature,yes,800.000000,578.112976,3019.000000
grass,mature,yes,800.000000,577.823975,2990.000000
grass,mature,yes,800.000000,577.536011,3008.000000
grass,mature,yes,800.000000,577.247986,3078.000000
grass,mature,yes,800.000000,576.960022,3030.000000
grass,mature,yes,800.000000,576.677002,2982.000000
grass,mature,yes,800.000000,576.393005,3061.000000
grass,mature,yes,800.000000,576.109985,3061.000000
grass,mature,yes,800.000000,575.825989,3068.000000
grass,mature,yes,800.000000,575.543030,3010.000000
grass,mature,yes,800.000000,575.260010,3051.000000
grass,mature,yes,800.000000,574.976013,3036.000000
grass,mature,yes,800.000000,574.692993,3006.000000
grass,mature,yes,800.000000,574.408997,2997.000000
grass,mature,yes,800.000000,574.125977,3021.000000
grass,mature,yes,800.000000,573.843018,3021.000000
grass,mature,yes,800.000000,573.559021,3049.000000
grass,mature,yes,800.000000,573.276001,3075.000000
grass,mature,yes,800.000000,572.992004,3076.000000
grass,mature,yes,800.000000,572.708984,3024.000000
grass,mature,yes,800.000000,572.426025,3018.000000
grass,mature,yes,800.000000,572.142029,2983.000000
grass,mature,yes,800.000000,571.859009,3006.000000
grass,mature,yes,800.000000,571.575989,3048.000000
grass,mature,yes,800.000000,571.291992,2988.000000
grass,mature,yes,800.000000,571.008972,3047.000000
grass,mature,yes,800.000000,570.724976,3048.000000
grass,mature,yes,800.000000,570.442017,3037.000000
grass,mature,yes,800.000000,570.158997,3036.000000
grass,mature,yes,800.000000,569.875000,3031.000000
grass,mature,yes,800.000000,569.591980,3052.000000
grass,mature,yes,800.000000,569.307983,3066.000000
grass,mature,yes,800.000000,569.025024,3013.000000
grass,mature,yes,800.000000,568.742004,3036.000000
grass,mature,yes,800.000000,568.458008,3047.000000
grass,mature,yes,800.000000,568.174988,3034.000000
grass,mature,yes,800.000000,567.890991,2991.000000
grass,mature,yes,800.000000,567.607971,3069.000000
grass,mature,yes,800.000000,567.325012,2998.000000
grass,mature,yes,800.000000,567.041016,3039.000000
grass,mature,yes,800.000000,566.757996,3015.000000
grass,mature,yes,800.000000,566.473999,3060.000000
grass,mature,yes,800.000000,566.190979,3064.000000
grass,mature,yes,800.000000,565.908020,3038.000000
grass,mature,yes,800.000000,565.624023,3020.000000
grass,mature,yes,800.000000,565.341003,3036.000000
grass,mature,yes,800.000000,565.057007,2989.000000
grass,mature,yes,800.000000,564.773987,3045.000000
grass,mature,yes,800.000000,564.491028,3026.000000
grass,mature,yes,800.000000,564.206970,3048.000000
grass,mature,yes,800.000000,563.924011,3013.000000
grass,mature,yes,800.000000,563.640015,2998.000000
grass,mature,yes,800.000000,563.356995,3060.000000
grass,mature,yes,800.000000,563.073975,3062.000000
grass,mature,yes,800.000000,562.789978,3046.000000
grass,mature,yes,800.000000,562.507019,3018.000000
grass,mature,yes,800.000000,562.223022,3046.000000
grass,mature,yes,800.000000,561.940002,3034.000000
grass,mature,yes,800.000000,561.656982,3032.000000
grass,mature,yes,800.000000,561.372986,3018.000000
grass,mature,yes,800.000000,561.090027,3037.000000
grass,mature,yes,800.000000,560.807007,3047.000000
grass,mature,yes,800.000000,560.523010,3034.000000
grass,mature,yes,800.000000,560.239990,3056.000000
grass,mature,yes,800.000000,559.955994,3097.000000
grass,mature,yes,800.000000,559.672974,3037.000000
grass,mature,yes,800.000000,559.390015,3017.000000
grass,mature,yes,800.000000,559.106018,3032.000000
grass,mature,yes,800.000000,558.822998,3019.000000
grass,mature,yes,800.000000,558.539001,3023.000000
grass,mature,yes,800.000000,558.255981,3002.000000
grass,mature,yes,800.000000,557.973022,3017.000000
grass,mature,yes,800.000000,557.689026,3000.000000
grass,mature,yes,800.000000,557.406006,2970.000000
grass,mature,yes,800.000000,557.122009,3085.000000
grass,mature,yes,800.000000,556.838989,3066.000000
grass,mature,yes,800.000000,556.556030,3035.000000
grass,mature,yes,800.000000,556.271973,3066.000000
grass,mature,yes,800.000000,555.989014,3055.000000
grass,mature,yes,800.000000,555.705017,3039.000000
grass,mature,yes,800.000000,555.421997,3026.000000
grass,mature,yes,800.000000,555.138977,3046.000000
grass,mature,yes,800.000000,554.854980,3039.000000
grass,mature,yes,800.000000,554.572021,3069.000000
grass,mature,yes,800.000000,554.288025,3074.000000
grass,mature,yes,800.000000,554.005005,3039.000000
grass,mature,yes,800.000000,553.721985,3016.000000
grass,mature,yes,800.000000,553.437988,3027.000000
grass,mature,yes,800.000000,553.155029,3039.000000
grass,mature,yes,800.000000,552.870972,3050.000000
grass,mature,yes,800.000000,552.588013,3021.000000
grass,mature,yes,800.000000,552.304993,3072.000000
grass,mature,yes,800.000000,552.020996,3047.000000
grass,mature,yes,800.000000,551.737976,3037.000000
grass,mature,yes,800.000000,551.455017,3046.000000
grass,mature,yes,800.000000,551.171021,3085.000000
grass,mature,yes,800.000000,550.888000,2997.000000
grass,mature,yes,800.000000,550.604004,3000.000000
grass,mature,yes,800.000000,550.320984,3014.000000
grass,mature,yes,800.000000,550.038025,2997.000000
grass,mature,yes,800.000000,549.754028,2999.000000
grass,mature,yes,800.000000,549.471008,3035.000000
grass,mature,yes,800.000000,549.187012,3004.000000
grass,mature,yes,800.000000,548.903992,3048.000000
grass,mature,yes,800.000000,548.620972,2996.000000
grass,mature,yes,800.000000,548.336975,3045.000000
grass,mature,yes,800.000000,548.054016,2999.000000
grass,mature,yes,800.000000,547.770020,3018.000000
grass,mature,yes,800.000000,547.487000,3048.000000
grass,mature,yes,800.000000,547.203979,3032.000000
grass,mature,yes,800.000000,546.919983,3015.000000
grass,mature,yes,800.000000,546.637024,3076.000000
grass,mature,yes,800.000000,546.353027,3022.000000
grass,mature,yes,800.000000,546.070007,3019.000000
grass,mature,yes,800.000000,545.794006,3041.000000
grass,mature,yes,800.000000,545.518982,3030.000000
grass,mature,yes,800.000000,545.242981,3052.000000
grass,mature,yes,800.000000,544.968018,3005.000000
grass,mature,yes,800.000000,544.692017,3000.000000
grass,mature,yes,800.000000,544.416992,3022.000000
grass,mature,yes,800.000000,544.140991,3087.000000
grass,mature,yes,800.000000,543.864990,3081.000000
grass,mature,yes,800.000000,543.590027,3042.000000
grass,mature,yes,800.000000,543.314026,3024.000000
grass,mature,yes,800.000000,543.039001,3040.000000
grass,mature,yes,800.000000,542.763000,3030.000000
grass,mature,yes,800.000000,542.487976,3011.000000
grass,mature,yes,800.000000,542.211975,3034.000000
grass,mature,yes,800.000000,541.935974,3031.000000
grass,mature,yes,800.000000,541.661011,3032.000000
grass,mature,yes,800.000000,541.385010,2995.000000
grass,mature,yes,800.000000,541.109985,3027.000000
grass,mature,yes,800.000000,540.833984,3031.000000
grass,mature,yes,800.000000,540.557983,3045.000000
grass,mature,yes,800.000000,540.283020,3036.000000
grass,mature,yes,800.000000,540.007019,3037.000000
grass,mature,yes,800.000000,539.731995,3008.000000
grass,mature,yes,800.000000,539.455994,3008.000000
grass,mature,yes,800.000000,539.181030,3047.000000
grass,mature,yes,800.000000,538.905029,2977.000000
grass,mature,yes,800.000000,538.629028,3010.000000
grass,mature,yes,800.000000,538.354004,3008.000000
grass,mature,yes,800.000000,538.078003,3036.000000
grass,mature,yes,800.000000,537.802979,3037.000000
grass,mature,yes,800.000000,537.526978,3035.000000
grass,mature,yes,800.000000,537.252014,3001.000000
grass,mature,yes,800.000000,536.976013,3028.000000
grass,mature,yes,800.000000,536.700012,3003.000000
grass,mature,yes,800.000000,536.424988,3029.000000
grass,mature,yes,800.000000,536.148987,2971.000000
grass,mature,yes,800.000000,535.874023,3016.000000
grass,mature,yes,800.000000,535.598022,2996.000000
grass,mature,yes,800.000000,535.322998,3030.000000
grass,mature,yes,800.000000,535.046997,3059.000000
grass,mature,yes,800.000000,534.770996,3014.000000
grass,mature,yes,800.000000,534.495972,3011.000000
grass,mature,yes,800.000000,534.219971,2976.000000
grass,mature,yes,800.000000,533.945007,3041.000000
grass,mature,yes,800.000000,533.669006,3045.000000
grass,mature,yes,800.000000,533.393982,3079.000000
grass,mature,yes,800.000000,533.117981,3059.000000
grass,mature,yes,800.000000,532.841980,3022.000000
grass,mature,yes,800.000000,532.567017,3027.000000
grass,mature,yes,800.000000,532.291016,3074.000000
grass,mature,yes,800.000000,532.015991,3040.000000
grass,mature,yes,800.000000,531.739990,3029.000000
grass,mature,yes,800.000000,531.465027,3053.000000
grass,mature,yes,800.000000,531.189026,3031.000000
grass,mature,yes,800.000000,530.913025,3029.000000
grass,mature,yes,800.000000,530.638000,3082.000000
grass,mature,yes,800.000000,530.362000,3037.000000
grass,mature,yes,800.000000,530.086975,3097.000000
grass,mature,yes,800.000000,529.810974,3082.000000
grass,mature,yes,800.000000,529.534973,3052.000000
grass,mature,yes,800.000000,529.260010,3004.000000
grass,mature,yes,800.000000,528.984009,3042.000000
grass,mature,yes,800.000000,528.708984,3043.000000
grass,mature,yes,800.000000,528.432983,3031.000000
grass,mature,yes,800.000000,528.158020,3036.000000
grass,mature,yes,800.000000,527.882019,3001.000000
grass,mature,yes,800.000000,527.606018,3016.000000
grass,mature,yes,800.000000,527.330994,3051.000000
grass,mature,yes,800.000000,527.054993,3001.000000
grass,mature,yes,800.000000,526.780029,3065.000000
grass,mature,yes,800.000000,526.504028,3004.000000
grass,mature,yes,800.000000,526.229004,3011.000000
grass,mature,yes,800.000000,525.953003,3013.000000
grass,mature,yes,800.000000,525.677002,3009.000000
grass,mature,yes,800.000000,525.401978,3038.000000
grass,mature,yes,800.000000,525.125977,3026.000000
grass,mature,yes,800.000000,524.851013,3022.000000
grass,mature,yes,800.000000,524.575012,3016.000000
grass,mature,yes,800.000000,524.299988,3036.000000
grass,mature,yes,800.000000,524.023987,3039.000000
grass,mature,yes,800.000000,523.747986,3021.000000
grass,mature,yes,800.000000,523.473022,3038.000000
grass,mature,yes,800.000000,523.197021,3018.000000
grass,mature,yes,800.000000,522.921997,3056.000000
grass,mature,yes,800.000000,522.645996,3074.000000
grass,mature,yes,800.000000,522.370972,3063.000000
grass,mature,yes,800.000000,522.094971,3092.000000
grass,mature,yes,800.000000,521.818970,3027.000000
grass,mature,yes,800.000000,521.544006,3054.000000
grass,mature,yes,800.000000,521.268005,3002.000000
grass,mature,yes,800.000000,520.992981,3013.000000
grass,mature,yes,800.000000,520.716980,3023.000000
grass,mature,yes,800.000000,520.442017,3039.000000
grass,mature,yes,800.000000,520.166016,3062.000000
grass,mature,yes,800.000000,519.890015,3057.000000
grass,mature,yes,800.000000,519.614990,3011.000000
grass,mature,yes,800.000000,519.338989,3082.000000
grass,mature,yes,800.000000,519.064026,3021.000000
grass,mature,yes,800.000000,518.788025,2987.000000
grass,mature,yes,800.000000,518.513000,3035.000000
grass,mature,yes,800.000000,518.237000,3042.000000
grass,mature,yes,800.000000,517.960999,2994.000000
grass,mature,yes,800.000000,517.685974,3020.000000
grass,mature,yes,800.000000,517.409973,3028.000000
grass,mature,yes,800.000000,517.135010,3093.000000
grass,mature,yes,800.000000,516.859009,3076.000000
grass,mature,yes,800.000000,516.583008,3061.000000
grass,mature,yes,800.000000,516.307983,3007.000000
grass,mature,yes,800.000000,516.031982,2995.000000
grass,mature,yes,800.000000,515.757019,2983.000000
grass,mature,yes,800.000000,515.481018,3018.000000
grass,mature,yes,800.000000,515.205994,3052.000000
grass,mature,yes,800.000000,514.929993,2998.000000
grass,mature,yes,800.000000,514.653992,3047.000000
grass,mature,yes,800.000000,514.379028,3011.000000
grass,mature,yes,800.000000,514.103027,3001.000000
grass,mature,yes,800.000000,513.828003,3028.000000
grass,mature,yes,800.000000,513.552002,3021.000000
grass,mature,yes,800.000000,513.276978,3020.000000
grass,mature,yes,800.000000,513.000977,3008.000000
grass,mature,yes,800.000000,512.724976,3031.000000
grass,mature,yes,800.000000,512.450012,3064.000000
grass,mature,yes,800.000000,512.174011,3016.000000
grass,mature,yes,800.000000,511.898987,3013.000000
grass,mature,yes,800.000000,511.622986,3061.000000
grass,mature,yes,800.000000,511.347992,3040.000000
grass,mature,yes,800.000000,511.071991,3031.000000
grass,mature,yes,800.000000,510.795990,3058.000000
grass,mature,yes,800.000000,510.520996,3072.000000
grass,mature,yes,800.000000,510.244995,3042.000000
grass,mature,yes,800.000000,509.970001,3041.000000
grass,mature,yes,800.000000,509.694000,3027.000000
grass,mature,yes,800.000000,509.419006,3030.000000
grass,mature,yes,800.000000,509.143005,3058.000000
grass,mature,yes,800.000000,508.867004,3046.000000
grass,mature,yes,800.000000,508.592010,3050.000000
grass,mature,yes,800.000000,508.316010,3000.000000
grass,mature,yes,800.000000,508.040985,3045.000000
grass,mature,yes,800.000000,507.765015,3029.000000
grass,mature,yes,800.000000,507.489990,3015.000000
grass,mature,yes,800.000000,507.213989,3021.000000
grass,mature,yes,800.000000,506.937988,3103.000000
grass,mature,yes,800.000000,506.662994,3050.000000
grass,mature,yes,800.000000,506.386993,3036.000000
grass,mature,yes,800.000000,506.112000,3066.000000
grass,mature,yes,800.000000,505.835999,3065.000000
grass,mature,yes,800.000000,505.559998,3042.000000
grass,mature,yes,800.000000,505.285004,3017.000000
grass,mature,yes,800.000000,505.009003,3051.000000
grass,mature,yes,800.000000,504.734009,3020.000000
grass,mature,yes,800.000000,504.458008,3001.000000
grass,mature,yes,800.000000,504.183014,3027.000000
grass,mature,yes,800.000000,503.907013,3059.000000
grass,mature,yes,800.000000,503.631012,3068.000000
grass,mature,yes,800.000000,503.355988,3024.000000
grass,mature,yes,800.000000,503.079987,3041.000000
grass,mature,yes,800.000000,502.804993,3043.000000
grass,mature,yes,800.000000,502.528992,3043.000000
grass,mature,yes,800.000000,502.253998,3039.000000
grass,mature,yes,800.000000,501.977997,3044.000000
grass,mature,yes,800.000000,501.701996,2996.000000
grass,mature,yes,800.000000,501.427002,3003.000000
grass,mature,yes,800.000000,501.151001,3046.000000
grass,mature,yes,800.000000,500.876007,3045.000000
grass,mature,yes,800.000000,500.600006,2997.000000
grass,mature,yes,800.000000,500.325012,3056.000000
grass,mature,yes,800.000000,500.049011,3089.000000
grass,mature,yes,800.000000,499.773010,3049.000000
grass,mature,yes,800.000000,499.497986,3053.000000
grass,mature,yes,800.000000,499.221985,3025.000000
grass,mature,yes,800.000000,498.946991,3036.000000
grass,mature,yes,800.000000,498.670990,3030.000000
grass,mature,yes,800.000000,498.395996,3049.000000
grass,mature,yes,800.000000,498.119995,3018.000000
grass,mature,yes,800.000000,497.843994,3016.000000
grass,mature,yes,800.000000,497.569000,3029.000000
grass,mature,yes,800.000000,497.292999,3037.000000
grass,mature,yes,800.000000,497.018005,3010.000000
grass,mature,yes,800.000000,496.742004,3028.000000
grass,mature,yes,800.000000,496.467010,3052.000000
grass,mature,yes,800.000000,496.191010,3043.000000
grass,mature,yes,800.000000,495.915009,3063.000000
grass,mature,yes,800.000000,495.640015,3058.000000
grass,mature,yes,800.000000,495.364014,3056.000000
grass,mature,yes,800.000000,495.088989,3011.000000
grass,mature,yes,800.000000,494.812988,3014.000000
grass,mature,yes,800.000000,494.536987,3044.000000
grass,mature,yes,800.000000,494.261993,3019.000000
grass,mature,yes,800.000000,493.985992,3042.000000
grass,mature,yes,800.000000,493.710999,2997.000000
grass,mature,yes,800.000000,493.434998,3048.000000
grass,mature,yes,800.000000,493.160004,3027.000000
grass,mature,yes,800.000000,492.884003,3023.000000
grass,mature,yes,800.000000,492.608002,3013.000000
grass,mature,yes,800.000000,492.333008,3022.000000
grass,mature,yes,800.000000,492.057007,2964.000000
grass,mature,yes,800.000000,491.782013,2982.000000
grass,mature,yes,800.000000,491.506012,2982.000000
grass,mature,yes,800.000000,491.230988,3006.000000
grass,mature,yes,800.000000,490.954987,3038.000000
grass,mature,yes,800.000000,490.678986,2999.000000
grass,mature,yes,800.000000,490.403992,3025.000000
grass,mature,yes,800.000000,490.127991,3038.000000
grass,mature,yes,800.000000,489.852997,3055.000000
grass,mature,yes,800.000000,489.576996,3024.000000
grass,mature,yes,800.000000,489.302002,2993.000000
grass,mature,yes,800.000000,489.026001,2960.000000
grass,mature,yes,800.000000,488.750000,3044.000000
grass,mature,yes,800.000000,488.475006,3033.000000
grass,mature,yes,800.000000,488.199005,3038.000000
grass,mature,yes,800.000000,487.924011,3007.000000
grass,mature,yes,800.000000,487.648010,3025.000000
grass,mature,yes,800.000000,487.372986,3032.000000
grass,mature,yes,800.000000,487.096985,3009.000000
grass,mature,yes,800.000000,486.821014,3070.000000
grass,mature,yes,800.000000,486.545990,3080.000000
grass,mature,yes,800.000000,486.269989,3074.000000
grass,mature,yes,800.000000,485.994995,2998.000000
grass,mature,yes,800.000000,485.718994,3003.000000
grass,mature,yes,800.000000,485.442993,3021.000000
grass,mature,yes,800.000000,485.167999,2992.000000
grass,mature,yes,800.000000,484.891998,3024.000000
grass,mature,yes,800.000000,484.617004,3032.000000
grass,mature,yes,800.000000,484.341003,3016.000000
grass,mature,yes,800.000000,484.066010,3057.000000
grass,mature,yes,800.000000,483.790009,3009.000000
grass,mature,yes,800.000000,483.514008,3036.000000
grass,mature,yes,800.000000,483.239014,3004.000000
grass,mature,yes,800.000000,482.963013,3041.000000
grass,mature,yes,800.000000,482.687988,3034.000000
grass,mature,yes,800.000000,482.411987,3058.000000
grass,mature,yes,800.000000,482.136993,3001.000000
grass,mature,yes,800.000000,481.860992,3024.000000
grass,mature,yes,800.000000,481.584991,3038.000000
grass,mature,yes,800.000000,481.309998,3045.000000
grass,mature,yes,800.000000,481.033997,3022.000000
grass,mature,yes,800.000000,480.759003,3017.000000
grass,mature,yes,800.000000,480.483002,2986.000000
grass,mature,yes,800.000000,480.208008,3004.000000
grass,mature,yes,800.000000,479.932007,2958.000000
grass,mature,yes,800.000000,479.656006,3011.000000
grass,mature,yes,800.000000,479.381012,3034.000000
grass,mature,yes,800.000000,479.105011,3048.000000
grass,mature,yes,800.000000,478.829987,3053.000000
grass,mature,yes,800.000000,478.553986,3023.000000
grass,mature,yes,800.000000,478.278992,3017.000000
grass,mature,yes,800.000000,478.002991,3018.000000
grass,mature,yes,800.000000,477.726990,3052.000000
grass,mature,yes,800.000000,477.451996,3046.000000
grass,mature,yes,800.000000,477.175995,2995.000000
grass,mature,yes,800.000000,476.901001,3029.000000
grass,mature,yes,800.000000,476.625000,3046.000000
grass,mature,yes,800.000000,476.350006,3104.000000
grass,mature,yes,800.000000,476.074005,3041.000000
grass,mature,yes,800.000000,475.798004,3096.000000
grass,mature,yes,800.000000,475.523010,3056.000000
grass,mature,yes,800.000000,475.247009,3032.000000
grass,mature,yes,800.000000,474.971985,3012.000000
grass,mature,yes,800.000000,474.696014,3017.000000
grass,mature,yes,800.000000,474.420990,3026.000000
grass,mature,yes,800.000000,474.144989,3020.000000
grass,mature,yes,800.000000,473.868988,3042.000000
grass,mature,yes,800.000000,473.593994,3077.000000
grass,mature,yes,800.000000,473.317993,3052.000000
grass,mature,yes,800.000000,473.042999,3036.000000
grass,mature,yes,800.000000,472.766998,3025.000000
grass,mature,yes,800.000000,472.490997,3057.000000
grass,mature,yes,800.000000,472.216003,3011.000000
grass,mature,yes,800.000000,471.940002,3019.000000
grass,mature,yes,800.000000,471.665009,3064.000000
grass,mature,yes,800.000000,471.389008,3068.000000
grass,mature,yes,800.000000,471.114014,3070.000000
grass,mature,yes,800.000000,470.838013,3030.000000
grass,mature,yes,800.000000,470.562012,3066.000000
grass,mature,yes,800.000000,470.286987,2992.000000
grass,mature,yes,800.000000,470.010986,2991.000000
grass,mature,yes,800.000000,469.735992,3024.000000
grass,mature,yes,800.000000,469.459991,3031.000000
grass,mature,yes,800.000000,469.184998,3002.000000
grass,mature,yes,800.000000,468.908997,3054.000000
grass,mature,yes,800.000000,468.632996,3017.000000
grass,mature,yes,800.000000,468.358002,3016.000000
grass,mature,yes,800.000000,468.082001,3048.000000
grass,mature,yes,800.000000,467.807007,2995.000000
grass,mature,yes,800.000000,467.531006,3011.000000
grass,mature,yes,800.000000,467.256012,3039.000000
grass,mature,yes,800.000000,466.980011,2991.000000
grass,mature,yes,800.000000,466.704010,3036.000000
grass,mature,yes,800.000000,466.428986,3032.000000
grass,mature,yes,800.000000,466.153015,3019.000000
grass,mature,yes,800.000000,465.877991,3004.000000
grass,mature,yes,800.000000,465.601990,3036.000000
grass,mature,yes,800.000000,465.326996,3019.000000
grass,mature,yes,800.000000,465.050995,3061.000000
grass,mature,yes,800.000000,464.774994,3059.000000
grass,mature,yes,800.000000,464.500000,3039.000000
grass,mature,yes,800.000000,464.223999,3033.000000
grass,mature,yes,800.000000,463.949005,3024.000000
grass,mature,yes,800.000000,463.673004,3042.000000
grass,mature,yes,800.000000,463.397003,3062.000000
grass,mature,yes,800.000000,463.122009,3021.000000
grass,mature,yes,800.000000,462.846008,3041.000000
grass,mature,yes,800.000000,462.571014,3045.000000
grass,mature,yes,800.000000,462.295013,3021.000000
grass,mature,yes,800.000000,462.019989,3031.000000
grass,mature,yes,800.000000,461.743988,3060.000000
grass,mature,yes,800.000000,461.467987,3022.000000
grass,mature,yes,800.000000,461.192993,2999.000000
grass,mature,yes,800.000000,460.916992,3035.000000
grass,mature,yes,800.000000,460.641998,3030.000000
grass,mature,yes,800.000000,460.365997,3021.000000
grass,mature,yes,800.000000,460.091003,3044.000000
grass,mature,yes,800.000000,459.815002,3042.000000
grass,mature,yes,800.000000,459.539001,3039.000000
grass,mature,yes,800.000000,459.264008,3045.000000
grass,mature,yes,800.000000,458.988007,3011.000000
grass,mature,yes,800.000000,458.713013,3036.000000
grass,mature,yes,800.000000,458.437012,3008.000000
grass,mature,yes,800.000000,458.161987,3053.000000
grass,mature,yes,800.000000,457.885986,3069.000000
grass,mature,yes,800.000000,457.609985,3066.000000
grass,mature,yes,800.000000,457.334991,3004.000000
grass,mature,yes,800.000000,457.058990,3010.000000
grass,mature,yes,800.000000,456.783997,3072.000000
grass,mature,yes,800.000000,456.507996,3064.000000
grass,mature,yes,800.000000,456.233002,3073.000000
grass,mature,yes,800.000000,455.957001,3020.000000
grass,mature,yes,800.000000,455.681000,2998.000000
grass,mature,yes,800.000000,455.406006,2996.000000
grass,mature,yes,800.000000,455.130005,3096.000000
grass,mature,yes,800.000000,454.855011,3066.000000
grass,mature,yes,800.000000,454.579010,3080.000000
grass,mature,yes,800.000000,454.303986,3076.000000
grass,mature,yes,800.000000,454.028015,3030.000000
grass,mature,yes,800.000000,453.752014,3028.000000
grass,mature,yes,800.000000,453.476990,3094.000000
grass,mature,yes,800.000000,453.200989,3031.000000
grass,mature,yes,800.000000,452.925995,2959.000000
grass,mature,yes,800.000000,452.649994,3005.000000
grass,mature,yes,800.000000,452.375000,2964.000000
grass,mature,yes,800.000000,452.098999,3036.000000
grass,mature,yes,800.000000,451.822998,3054.000000
grass,mature,yes,800.000000,451.548004,3053.000000
grass,mature,yes,800.000000,451.272003,3046.000000
grass,mature,yes,800.000000,450.997009,3026.000000
grass,mature,yes,800.000000,450.721008,2975.000000
grass,mature,yes,800.000000,450.445007,2976.000000
grass,mature,yes,800.000000,450.170013,3011.000000
grass,mature,yes,800.000000,449.894012,2995.000000
grass,mature,yes,800.000000,449.618988,2979.000000
grass,mature,yes,800.000000,449.342987,3003.000000
grass,mature,yes,800.000000,449.067993,3035.000000
grass,mature,yes,800.000000,448.791992,3060.000000
grass,mature,yes,800.000000,448.515991,3006.000000
grass,mature,yes,800.000000,448.240997,3073.000000
grass,mature,yes,800.000000,447.964996,3082.000000
grass,mature,yes,800.000000,447.690002,3006.000000
grass,mature,yes,800.000000,447.414001,3054.000000
grass,mature,yes,800.000000,447.139008,3060.000000
grass,mature,yes,800.000000,446.863007,3037.000000
grass,mature,yes,800.000000,446.587006,3099.000000
grass,mature,yes,800.000000,446.312012,3083.000000
grass,mature,yes,800.000000,446.036011,3020.000000
grass,mature,yes,800.000000,445.760986,3075.000000
grass,mature,yes,800.000000,445.484985,3068.000000
grass,mature,yes,800.000000,445.209991,3046.000000
grass,mature,yes,800.000000,444.933990,3031.000000
grass,mature,yes,800.000000,444.657990,3062.000000
grass,mature,yes,800.000000,444.382996,3045.000000
grass,mature,yes,800.000000,444.106995,3020.000000
grass,mature,yes,800.000000,443.832001,3019.000000
grass,mature,yes,800.000000,443.556000,3063.000000
grass,mature,yes,800.000000,443.281006,3006.000000
grass,mature,yes,800.000000,443.005005,3023.000000
grass,mature,yes,800.000000,442.729004,3052.000000
grass,mature,yes,800.000000,442.454010,3013.000000
grass,mature,yes,800.000000,442.178009,3006.000000
grass,mature,yes,800.000000,441.903015,3007.000000
grass,mature,yes,800.000000,441.627014,3020.000000
grass,mature,yes,800.000000,441.351013,3016.000000
grass,mature,yes,800.000000,441.075989,3020.000000
grass,mature,yes,800.000000,440.799988,3074.000000
grass,mature,yes,800.000000,440.524994,3036.000000
grass,mature,yes,800.000000,440.248993,3027.000000
grass,mature,yes,800.000000,439.973999,3005.000000
grass,mature,yes,800.000000,439.697998,3034.000000
grass,mature,yes,800.000000,439.421997,3056.000000
grass,mature,yes,800.000000,439.147003,3036.000000
grass,mature,yes,800.000000,438.871002,3024.000000
grass,mature,yes,800.000000,438.596008,3030.000000
grass,mature,yes,800.000000,438.320007,3016.000000
grass,mature,yes,800.000000,438.045013,3054.000000
grass,mature,yes,800.000000,437.769012,3006.000000
grass,mature,yes,800.000000,437.493011,2956.000000
grass,mature,yes,800.000000,437.217987,2988.000000
grass,mature,yes,800.000000,436.941986,3062.000000
grass,mature,yes,800.000000,436.666992,3049.000000
grass,mature,yes,800.000000,436.390991,3009.000000
grass,mature,yes,800.000000,436.115997,3023.000000
grass,mature,yes,800.000000,435.839996,3047.000000
grass,mature,yes,800.000000,435.569000,3016.000000
grass,mature,yes,800.000000,435.298004,3035.000000
grass,mature,yes,800.000000,435.027008,3049.000000
grass,mature,yes,800.000000,434.755005,3064.000000
grass,mature,yes,800.000000,434.484009,3049.000000
grass,mature,yes,800.000000,434.213013,3047.000000
grass,mature,yes,800.000000,433.941986,3063.000000
grass,mature,yes,800.000000,433.670990,3024.000000
grass,mature,yes,800.000000,433.399994,3057.000000
grass,mature,yes,800.000000,433.128998,3034.000000
grass,mature,yes,800.000000,432.858002,3031.000000
grass,mature,yes,800.000000,432.585999,2996.000000
grass,mature,yes,800.000000,432.315002,3031.000000
grass,mature,yes,800.000000,432.044006,3043.000000
grass,mature,yes,800.000000,431.773010,2982.000000
grass,mature,yes,800.000000,431.502014,3063.000000
grass,mature,yes,800.000000,431.230988,3031.000000
grass,mature,yes,800.000000,430.959991,3045.000000
grass,mature,yes,800.000000,430.688995,2997.000000
grass,mature,yes,800.000000,430.416992,3064.000000
grass,mature,yes,800.000000,430.145996,3042.000000
grass,mature,yes,800.000000,429.875000,3028.000000
grass,mature,yes,800.000000,429.604004,3033.000000
grass,mature,yes,800.000000,429.333008,3070.000000
grass,mature,yes,800.000000,429.062012,3058.000000
grass,mature,yes,800.000000,428.790985,3081.000000
grass,mature,yes,800.000000,428.519012,3066.000000
grass,mature,yes,800.000000,428.247986,3061.000000
grass,mature,yes,800.000000,427.976990,3024.000000
grass,mature,yes,800.000000,427.705994,3032.000000
grass,mature,yes,800.000000,427.434998,3060.000000
grass,mature,yes,800.000000,427.164001,3001.000000
grass,mature,yes,800.000000,426.893005,3033.000000
grass,mature,yes,800.000000,426.622009,3049.000000
grass,mature,yes,800.000000,426.350006,3019.000000
grass,mature,yes,800.000000,426.079010,3027.000000
grass,mature,yes,800.000000,425.808014,3072.000000
grass,mature,yes,800.000000,425.536987,3006.000000
grass,mature,yes,800.000000,425.265991,3006.000000
grass,mature,yes,800.000000,424.994995,2992.000000
grass,mature,yes,800.000000,424.723999,3034.000000
grass,mature,yes,800.000000,424.453003,2999.000000
grass,mature,yes,800.000000,424.181000,2996.000000
grass,mature,yes,800.000000,423.910004,3024.000000
grass,mature,yes,800.000000,423.639008,3014.000000
grass,mature,yes,800.000000,423.368011,3077.000000
grass,mature,yes,800.000000,423.096985,3070.000000
grass,mature,yes,800.000000,422.825989,3048.000000
grass,mature,yes,800.000000,422.554993,3078.000000
grass,mature,yes,800.000000,422.282990,3028.000000
grass,mature,yes,800.000000,422.011993,3037.000000
grass,mature,yes,800.000000,421.740997,3035.000000
grass,mature,yes,800.000000,421.470001,3020.000000
grass,mature,yes,800.000000,421.199005,2990.000000
grass,mature,yes,800.000000,420.928009,3013.000000
grass,mature,yes,800.000000,420.657013,3052.000000
grass,mature,yes,800.000000,420.385986,3035.000000
grass,mature,yes,800.000000,420.114014,3043.000000
grass,mature,yes,800.000000,419.842987,3068.000000
grass,mature,yes,800.000000,419.571991,3014.000000
grass,mature,yes,800.000000,419.300995,3028.000000
grass,mature,yes,800.000000,419.029999,3076.000000
grass,mature,yes,800.000000,418.759003,3023.000000
grass,mature,yes,800.000000,418.488007,2982.000000
grass,mature,yes,800.000000,418.217010,3038.000000
grass,mature,yes,800.000000,417.945007,3033.000000
grass,mature,yes,800.000000,417.674011,3027.000000
grass,mature,yes,800.000000,417.403015,3055.000000
grass,mature,yes,800.000000,417.131989,3036.000000
grass,mature,yes,800.000000,416.860992,2993.000000
grass,mature,yes,800.000000,416.589996,3051.000000
grass,mature,yes,800.000000,416.319000,3056.000000
grass,mature,yes,800.000000,416.046997,3023.000000
grass,mature,yes,800.000000,415.776001,3034.000000
grass,mature,yes,800.000000,415.505005,3035.000000
grass,mature,yes,800.000000,415.234009,3063.000000
grass,mature,yes,800.000000,414.963013,3010.000000
grass,mature,yes,800.000000,414.691986,3044.000000
grass,mature,yes,800.000000,414.420990,3081.000000
grass,mature,yes,800.000000,414.149994,3008.000000
grass,mature,yes,800.000000,413.877991,3048.000000
grass,mature,yes,800.000000,413.606995,3056.000000
grass,mature,yes,800.000000,413.335999,3028.000000
grass,mature,yes,800.000000,413.065002,3008.000000
grass,mature,yes,800.000000,412.794006,3028.000000
grass,mature,yes,800.000000,412.523010,3027.000000
grass,mature,yes,800.000000,412.252014,3002.000000
grass,mature,yes,800.000000,411.980988,3032.000000
grass,mature,yes,800.000000,411.709015,3027.000000
grass,mature,yes,800.000000,411.437988,2994.000000
grass,mature,yes,800.000000,411.166992,3025.000000
grass,mature,yes,800.000000,410.895996,3098.000000
grass,mature,yes,800.000000,410.625000,3012.000000
grass,mature,yes,800.000000,410.354004,3005.000000
grass,mature,yes,800.000000,410.083008,3039.000000
grass,mature,yes,800.000000,409.811005,3077.000000
grass,mature,yes,800.000000,409.540009,3062.000000
grass,mature,yes,800.000000,409.269012,3060.000000
grass,mature,yes,800.000000,408.997986,3037.000000
grass,mature,yes,800.000000,408.726990,3024.000000
grass,mature,yes,800.000000,408.455994,2992.000000
grass,mature,yes,800.000000,408.184998,3050.000000
grass,mature,yes,800.000000,407.914001,3055.000000
grass,mature,yes,800.000000,407.641998,2982.000000
grass,mature,yes,800.000000,407.371002,3028.000000
grass,mature,yes,800.000000,407.100006,3052.000000
grass,mature,yes,800.000000,406.829010,3031.000000
grass,mature,yes,800.000000,406.558014,2983.000000
grass,mature,yes,800.000000,406.286987,3016.000000
grass,mature,yes,800.000000,406.015991,3050.000000
grass,mature,yes,800.000000,405.744995,3038.000000
grass,mature,yes,800.000000,405.472992,3013.000000
grass,mature,yes,800.000000,405.201996,3008.000000
grass,mature,yes,800.000000,404.931000,3055.000000
grass,mature,yes,800.000000,404.660004,3007.000000
grass,mature,yes,800.000000,404.394989,3028.000000
grass,mature,yes,800.000000,404.131012,3001.000000
grass,mature,yes,800.000000,403.865997,3049.000000
grass,mature,yes,800.000000,403.601013,3032.000000
grass,mature,yes,800.000000,403.335999,3011.000000
grass,mature,yes,800.000000,403.071991,3060.000000
grass,mature,yes,800.000000,402.807007,3040.000000
grass,mature,yes,800.000000,402.541992,3074.000000
grass,mature,yes,800.000000,402.277008,3036.000000
grass,mature,yes,800.000000,402.013000,3061.000000
grass,mature,yes,800.000000,401.747986,3094.000000
grass,mature,yes,800.000000,401.483002,3078.000000
grass,mature,yes,800.000000,401.218994,3098.000000
grass,mature,yes,800.000000,400.954010,3019.000000
grass,mature,yes,800.000000,400.688995,3032.000000
grass,mature,yes,800.000000,400.424011,3087.000000
grass,mature,yes,800.000000,400.160004,3018.000000
grass,mature,yes,800.000000,399.894989,3043.000000
grass,mature,yes,800.000000,399.630005,3074.000000
grass,mature,yes,800.000000,399.364990,3020.000000
grass,mature,yes,800.000000,399.101013,3034.000000
grass,mature,yes,800.000000,398.835999,3052.000000
grass,mature,yes,800.000000,398.571014,3013.000000
grass,mature,yes,800.000000,398.306000,3078.000000
grass,mature,yes,800.000000,398.041992,3010.000000
grass,mature,yes,800.000000,397.777008,2996.000000
grass,mature,yes,800.000000,397.511993,3070.000000
grass,mature,yes,800.000000,397.247986,3030.000000
grass,mature,yes,800.000000,396.983002,3048.000000
grass,mature,yes,800.000000,396.717987,3037.000000
grass,mature,yes,800.000000,396.453003,3010.000000
grass,mature,yes,800.000000,396.188995,3032.000000
grass,mature,yes,800.000000,395.924011,3005.000000
grass,mature,yes,800.000000,395.658997,3049.000000
grass,mature,yes,800.000000,395.394012,3064.000000
grass,mature,yes,800.000000,395.130005,3060.000000
grass,mature,yes,800.000000,394.864990,3037.000000
grass,mature,yes,800.000000,394.600006,2999.000000
grass,mature,yes,800.000000,394.335999,3043.000000
grass,mature,yes,800.000000,394.071014,2998.000000
grass,mature,yes,800.000000,393.806000,3050.000000
grass,mature,yes,800.000000,393.540985,3040.000000
grass,mature,yes,800.000000,393.277008,3008.000000
grass,mature,yes,800.000000,393.011993,3035.000000
grass,mature,yes,800.000000,392.747009,3018.000000
grass,mature,yes,800.000000,392.481995,3030.000000
grass,mature,yes,800.000000,392.217987,3049.000000
grass,mature,yes,800.000000,391.953003,3072.000000
grass,mature,yes,800.000000,391.687988,3059.000000
grass,mature,yes,800.000000,391.424011,3087.000000
grass,mature,yes,800.000000,391.158997,3038.000000
grass,mature,yes,800.000000,390.894012,3010.000000
grass,mature,yes,800.000000,390.628998,3068.000000
grass,mature,yes,800.000000,390.364990,3043.000000
grass,mature,yes,800.000000,390.100006,2987.000000
grass,mature,yes,800.000000,389.834991,3009.000000
grass,mature,yes,800.000000,389.570007,2980.000000
grass,mature,yes,800.000000,389.306000,3049.000000
grass,mature,yes,800.000000,389.040985,3089.000000
grass,mature,yes,800.000000,388.776001,3040.000000
grass,mature,yes,800.000000,388.510986,3061.000000
grass,mature,yes,800.000000,388.247009,3041.000000
grass,mature,yes,800.000000,387.981995,3048.000000
grass,mature,yes,800.000000,387.717010,3019.000000
grass,mature,yes,800.000000,387.453003,3032.000000
grass,mature,yes,800.000000,387.187988,3031.000000
grass,mature,yes,800.000000,386.923004,3058.000000
grass,mature,yes,800.000000,386.657990,3009.000000
grass,mature,yes,800.000000,386.394012,3050.000000
grass,mature,yes,800.000000,386.128998,3039.000000
grass,mature,yes,800.000000,385.864014,3026.000000
grass,mature,yes,800.000000,385.598999,3036.000000
grass,mature,yes,800.000000,385.334991,3036.000000
grass,mature,yes,800.000000,385.070007,3016.000000
grass,mature,yes,800.000000,384.804993,2982.000000
grass,mature,yes,800.000000,384.540985,3065.000000
grass,mature,yes,800.000000,384.276001,3018.000000
grass,mature,yes,800.000000,384.010986,3023.000000
grass,mature,yes,800.000000,383.746002,3044.000000
grass,mature,yes,800.000000,383.481995,3022.000000
grass,mature,yes,800.000000,383.217010,3049.000000
grass,mature,yes,800.000000,382.951996,3045.000000
grass,mature,yes,800.000000,382.687012,2980.000000
grass,mature,yes,800.000000,382.423004,3033.000000
grass,mature,yes,800.000000,382.157990,3057.000000
grass,mature,yes,800.000000,381.893005,3058.000000
grass,mature,yes,800.000000,381.628998,3037.000000
grass,mature,yes,800.000000,381.364014,2995.000000
grass,mature,yes,800.000000,381.098999,3015.000000
grass,mature,yes,800.000000,380.834015,3055.000000
grass,mature,yes,800.000000,380.570007,3008.000000
grass,mature,yes,800.000000,380.304993,2979.000000
grass,mature,yes,800.000000,380.040009,3031.000000
grass,mature,yes,800.000000,379.774994,3018.000000
grass,mature,yes,800.000000,379.510986,3025.000000
grass,mature,yes,800.000000,379.246002,3051.000000
grass,mature,yes,800.000000,378.980988,3095.000000
grass,mature,yes,800.000000,378.716003,3070.000000
grass,mature,yes,800.000000,378.451996,3022.000000
grass,mature,yes,800.000000,378.187012,3039.000000
grass,mature,yes,800.000000,377.921997,3018.000000
grass,mature,yes,800.000000,377.657990,3018.000000
grass,mature,yes,800.000000,377.393005,3012.000000
grass,mature,yes,800.000000,377.127991,2991.000000
grass,mature,yes,800.000000,376.863007,3064.000000
grass,mature,yes,800.000000,376.598999,3065.000000
grass,mature,yes,800.000000,376.334015,3040.000000
grass,mature,yes,800.000000,376.069000,3050.000000
grass,mature,yes,800.000000,375.803986,3093.000000
grass,mature,yes,800.000000,375.540009,2999.000000
grass,mature,yes,800.000000,375.274994,3037.000000
grass,mature,yes,800.000000,375.010010,3038.000000
grass,mature,yes,800.000000,374.746002,3057.000000
grass,mature,yes,800.000000,374.480988,3034.000000
grass,mature,yes,800.000000,374.216003,3019.000000
grass,mature,yes,800.000000,373.950989,3063.000000
grass,mature,yes,800.000000,373.687012,3067.000000
grass,mature,yes,800.000000,373.421997,3045.000000
grass,mature,yes,800.000000,373.157013,3063.000000
grass,mature,yes,800.000000,372.891998,3027.000000
grass,mature,yes,800.000000,372.627991,2961.000000
grass,mature,yes,800.000000,372.363007,3008.000000
grass,mature,yes,800.000000,372.097992,3042.000000
grass,mature,yes,800.000000,371.834015,3070.000000
grass,mature,yes,800.000000,371.569000,3035.000000
grass,mature,yes,800.000000,371.303986,3010.000000
grass,mature,yes,800.000000,371.039001,3047.000000
grass,mature,yes,800.000000,370.774994,3032.000000
grass,mature,yes,800.000000,370.510010,3017.000000
grass,mature,yes,800.000000,370.244995,3028.000000
grass,mature,yes,800.000000,369.980011,3050.000000
grass,mature,yes,800.000000,369.716003,3041.000000
grass,mature,yes,800.000000,369.450989,3045.000000
grass,mature,yes,800.000000,369.186005,3037.000000
grass,mature,yes,800.000000,368.920990,3049.000000
grass,mature,yes,800.000000,368.657013,3108.000000
grass,mature,yes,800.000000,368.391998,3066.000000
grass,mature,yes,800.000000,368.127014,3077.000000
grass,mature,yes,800.000000,367.863007,3053.000000
grass,mature,yes,800.000000,367.597992,3027.000000
grass,mature,yes,800.000000,367.333008,3028.000000
grass,mature,yes,800.000000,367.067993,3027.000000
grass,mature,yes,800.000000,366.803986,3043.000000
grass,mature,yes,800.000000,366.539001,3074.000000
grass,mature,yes,800.000000,366.273987,3014.000000
grass,mature,yes,800.000000,366.009003,3014.000000
grass,mature,yes,800.000000,365.744995,3052.000000
grass,mature,yes,800.000000,365.480011,3047.000000
grass,mature,yes,800.000000,365.217987,3002.000000
grass,mature,yes,800.000000,364.957001,2996.000000
grass,mature,yes,800.000000,364.695007,3046.000000
grass,mature,yes,800.000000,364.433990,2998.000000
grass,mature,yes,800.000000,364.171997,3004.000000
grass,mature,yes,800.000000,363.911011,2998.000000
grass,mature,yes,800.000000,363.648987,2997.000000
grass,mature,yes,800.000000,363.388000,3023.000000
grass,mature,yes,800.000000,363.126007,3024.000000
grass,mature,yes,800.000000,362.864990,3004.000000
grass,mature,yes,800.000000,362.602997,3045.000000
grass,mature,yes,800.000000,362.341003,3082.000000
grass,mature,yes,800.000000,362.079987,3054.000000
grass,mature,yes,800.000000,361.817993,2977.000000
grass,mature,yes,800.000000,361.557007,3056.000000
grass,mature,yes,800.000000,361.295013,3039.000000
grass,mature,yes,800.000000,361.033997,3056.000000
grass,mature,yes,800.000000,360.772003,3035.000000
grass,mature,yes,800.000000,360.510986,3052.000000
grass,mature,yes,800.000000,360.248993,3077.000000
grass,mature,yes,800.000000,359.987000,3041.000000
grass,mature,yes,800.000000,359.726013,3017.000000
grass,mature,yes,800.000000,359.463989,2991.000000
grass,mature,yes,800.000000,359.203003,2948.000000
grass,mature,yes,800.000000,358.941010,3047.000000
grass,mature,yes,800.000000,358.679993,3002.000000
grass,mature,yes,800.000000,358.417999,2997.000000
grass,mature,yes,800.000000,358.157013,3020.000000
grass,mature,yes,800.000000,357.894989,3035.000000
grass,mature,yes,800.000000,357.634003,3016.000000
grass,mature,yes,800.000000,357.372009,2973.000000
grass,mature,yes,800.000000,357.109985,2951.000000
grass,mature,yes,800.000000,356.848999,3012.000000
grass,mature,yes,800.000000,356.587006,3052.000000
grass,mature,yes,800.000000,356.325989,3017.000000
grass,mature,yes,800.000000,356.063995,3033.000000
grass,mature,yes,800.000000,355.803009,3038.000000
grass,mature,yes,800.000000,355.540985,3019.000000
grass,mature,yes,800.000000,355.279999,3065.000000
grass,mature,yes,800.000000,355.018005,3066.000000
grass,mature,yes,800.000000,354.756012,2998.000000
grass,mature,yes,800.000000,354.494995,3020.000000
grass,mature,yes,800.000000,354.233002,3011.000000
grass,mature,yes,800.000000,353.971985,3005.000000
grass,mature,yes,800.000000,353.709991,3056.000000
grass,mature,yes,800.000000,353.449005,3039.000000
grass,mature,yes,800.000000,353.187012,3041.000000
grass,mature,yes,800.000000,352.925995,2994.000000
grass,mature,yes,800.000000,352.664001,3034.000000
grass,mature,yes,800.000000,352.402008,3063.000000
grass,mature,yes,800.000000,352.140991,3046.000000
grass,mature,yes,800.000000,351.878998,3014.000000
grass,mature,yes,800.000000,351.618011,3000.000000
grass,mature,yes,800.000000,351.355988,2979.000000
grass,mature,yes,800.000000,351.095001,3038.000000
grass,mature,yes,800.000000,350.833008,3047.000000
grass,mature,yes,800.000000,350.571991,3031.000000
grass,mature,yes,800.000000,350.309998,3032.000000
grass,mature,yes,800.000000,350.049011,3052.000000
grass,mature,yes,800.000000,349.786987,3011.000000
grass,mature,yes,800.000000,349.524994,3051.000000
grass,mature,yes,800.000000,349.264008,3052.000000
grass,mature,yes,800.000000,349.002014,3034.000000
grass,mature,yes,800.000000,348.740997,3023.000000
grass,mature,yes,800.000000,348.479004,3052.000000
grass,mature,yes,800.000000,348.217987,3056.000000
grass,mature,yes,800.000000,347.955994,2995.000000
grass,mature,yes,800.000000,347.695007,3010.000000
grass,mature,yes,800.000000,347.433014,3015.000000
grass,mature,yes,800.000000,347.170990,3073.000000
grass,mature,yes,800.000000,346.910004,3049.000000
grass,mature,yes,800.000000,346.648010,3014.000000
grass,mature,yes,800.000000,346.386993,3027.000000
grass,mature,yes,800.000000,346.125000,3070.000000
grass,mature,yes,800.000000,345.864014,3049.000000
grass,mature,yes,800.000000,345.601990,2979.000000
grass,mature,yes,800.000000,345.341003,3047.000000
grass,mature,yes,800.000000,345.079010,2977.000000
grass,mature,yes,800.000000,344.817993,3015.000000
grass,mature,yes,800.000000,344.556000,3000.000000
grass,mature,yes,800.000000,344.294006,3016.000000
grass,mature,yes,800.000000,344.032990,3016.000000
grass,mature,yes,800.000000,343.770996,3016.000000
grass,mature,yes,800.000000,343.510010,3017.000000
grass,mature,yes,800.000000,343.247986,3028.000000
grass,mature,yes,800.000000,342.987000,3084.000000
grass,mature,yes,800.000000,342.725006,3005.000000
grass,mature,yes,800.000000,342.463989,3046.000000
grass,mature,yes,800.000000,342.201996,3034.000000
grass,mature,yes,800.000000,341.940002,3053.000000
grass,mature,yes,800.000000,341.678986,3043.000000
grass,mature,yes,800.000000,341.416992,3005.000000
grass,mature,yes,800.000000,341.156006,3012.000000
grass,mature,yes,800.000000,340.894012,3050.000000
grass,mature,yes,800.000000,340.632996,3019.000000
grass,mature,yes,800.000000,340.371002,3060.000000
grass,mature,yes,800.000000,340.109985,3022.000000
grass,mature,yes,800.000000,339.847992,2991.000000
grass,mature,yes,800.000000,339.587006,3015.000000
grass,mature,yes,800.000000,339.325012,2997.000000
grass,mature,yes,800.000000,339.062988,2999.000000
grass,mature,yes,800.000000,338.802002,2990.000000
grass,mature,yes,800.000000,338.540009,3059.000000
grass,mature,yes,800.000000,338.278992,3014.000000
grass,mature,yes,800.000000,338.016998,3034.000000
grass,mature,yes,800.000000,337.756012,3047.000000
grass,mature,yes,800.000000,337.493988,3034.000000
grass,mature,yes,800.000000,337.233002,2986.000000
grass,mature,yes,800.000000,336.971008,3002.000000
grass,mature,yes,800.000000,336.709015,3044.000000
grass,mature,yes,800.000000,336.447998,3008.000000
grass,mature,yes,800.000000,336.186005,3021.000000
grass,mature,yes,800.000000,335.924988,3041.000000
grass,mature,yes,800.000000,335.662994,3058.000000
grass,mature,yes,800.000000,335.402008,3055.000000
grass,mature,yes,800.000000,335.140015,3055.000000
grass,mature,yes,800.000000,334.878998,3049.000000
grass,mature,yes,800.000000,334.617004,3043.000000
grass,mature,yes,800.000000,334.355988,3068.000000
grass,mature,yes,800.000000,334.093994,3049.000000
grass,mature,yes,800.000000,333.832001,3056.000000
grass,mature,yes,800.000000,333.571014,3023.000000
grass,mature,yes,800.000000,333.308990,3005.000000
grass,mature,yes,800.000000,333.048004,3058.000000
grass,mature,yes,800.000000,332.786011,3035.000000
grass,mature,yes,800.000000,332.524994,3102.000000
grass,mature,yes,800.000000,332.263000,3000.000000
grass,mature,yes,800.000000,332.002014,3022.000000
grass,mature,yes,800.000000,331.739990,3044.000000
grass,mature,yes,800.000000,331.479004,3009.000000
grass,mature,yes,800.000000,331.217010,3033.000000
grass,mature,yes,800.000000,330.954987,3084.000000
grass,mature,yes,800.000000,330.694000,3062.000000
grass,mature,yes,800.000000,330.432007,3061.000000
grass,mature,yes,800.000000,330.170990,3046.000000
grass,mature,yes,800.000000,329.908997,3037.000000
grass,mature,yes,800.000000,329.648010,3012.000000
grass,mature,yes,800.000000,329.385986,3027.000000
grass,mature,yes,800.000000,329.125000,3012.000000
grass,mature,yes,800.000000,328.863007,3056.000000
grass,mature,yes,800.000000,328.601013,3007.000000
grass,mature,yes,800.000000,328.339996,3037.000000
grass,mature,yes,800.000000,328.078003,3026.000000
grass,mature,yes,800.000000,327.816986,3073.000000
grass,mature,yes,800.000000,327.554993,3048.000000
grass,mature,yes,800.000000,327.294006,3099.000000
grass,mature,yes,800.000000,327.032013,3006.000000
grass,mature,yes,800.000000,326.770996,3060.000000
grass,mature,yes,800.000000,326.509003,2987.000000
grass,mature,yes,800.000000,326.247986,2970.000000
grass,mature,yes,800.000000,325.985992,3037.000000
grass,mature,yes,800.000000,325.723999,3025.000000
grass,mature,yes,800.000000,325.463013,3085.000000
grass,mature,yes,800.000000,325.200989,3039.000000
grass,mature,yes,800.000000,324.940002,3027.000000
grass,mature,yes,800.000000,324.678009,3017.000000
grass,mature,yes,800.000000,324.416992,3015.000000
grass,mature,yes,800.000000,324.154999,3025.000000
grass,mature,yes,800.000000,323.894012,2996.000000
grass,mature,yes,800.000000,323.631989,3008.000000
grass,mature,yes,800.000000,323.369995,3043.000000
grass,mature,yes,800.000000,323.109009,3060.000000
grass,mature,yes,800.000000,322.846985,3080.000000
grass,mature,yes,800.000000,322.585999,3024.000000
grass,mature,yes,800.000000,322.324005,3028.000000
grass,mature,yes,800.000000,322.062988,2998.000000
grass,mature,yes,800.000000,321.800995,3029.000000
grass,mature,yes,800.000000,321.540009,3027.000000
grass,mature,yes,800.000000,321.278015,3023.000000
grass,mature,yes,800.000000,321.016998,3041.000000
grass,mature,yes,800.000000,320.755005,3027.000000
grass,mature,yes,800.000000,320.493011,3020.000000
grass,mature,yes,800.000000,320.231995,3028.000000
grass,mature,yes,800.000000,319.970001,2973.000000
grass,mature,yes,800.000000,319.709015,3039.000000
grass,mature,yes,800.000000,319.446991,3002.000000
grass,mature,yes,800.000000,319.186005,3023.000000
grass,mature,yes,800.000000,318.924011,3031.000000
grass,mature,yes,800.000000,318.662994,3027.000000
grass,mature,yes,800.000000,318.401001,3061.000000
grass,mature,yes,800.000000,318.139008,3055.000000
grass,mature,yes,800.000000,317.877991,3054.000000
grass,mature,yes,800.000000,317.615997,3012.000000
grass,mature,yes,800.000000,317.355011,3067.000000
grass,mature,yes,800.000000,317.092987,3025.000000
grass,mature,yes,800.000000,316.832001,3034.000000
grass,mature,yes,800.000000,316.570007,3026.000000
grass,mature,yes,800.000000,316.308990,2993.000000
grass,mature,yes,800.000000,316.046997,3031.000000
grass,mature,yes,800.000000,315.786011,3014.000000
grass,mature,yes,800.000000,315.523987,3031.000000
grass,mature,yes,800.000000,315.261993,3052.000000
grass,mature,yes,800.000000,315.001007,3052.000000
grass,mature,yes,800.000000,314.739014,3087.000000
grass,mature,yes,800.000000,314.477997,3078.000000
grass,mature,yes,800.000000,314.216003,3023.000000
grass,mature,yes,800.000000,313.954987,3052.000000
grass,mature,yes,800.000000,313.692993,3021.000000
grass,mature,yes,800.000000,313.432007,3047.000000
grass,mature,yes,800.000000,313.170013,3056.000000
grass,mature,yes,800.000000,312.911987,3014.000000
grass,mature,yes,800.000000,312.654999,3052.000000
grass,mature,yes,800.000000,312.397003,3010.000000
grass,mature,yes,800.000000,312.139008,3015.000000
grass,mature,yes,800.000000,311.881989,3009.000000
grass,mature,yes,800.000000,311.623993,3034.000000
grass,mature,yes,800.000000,311.365997,2995.000000
grass,mature,yes,800.000000,311.109009,3012.000000
grass,mature,yes,800.000000,310.851013,3019.000000
grass,mature,yes,800.000000,310.592987,3041.000000
grass,mature,yes,800.000000,310.335999,3043.000000
grass,mature,yes,800.000000,310.078003,3005.000000
grass,mature,yes,800.000000,309.820007,3050.000000
grass,mature,yes,800.000000,309.562988,3029.000000
grass,mature,yes,800.000000,309.304993,2984.000000
grass,mature,yes,800.000000,309.046997,3043.000000
grass,mature,yes,800.000000,308.790009,3041.000000
grass,mature,yes,800.000000,308.532013,2983.000000
grass,mature,yes,800.000000,308.273987,3027.000000
grass,mature,yes,800.000000,308.016998,3060.000000
grass,mature,yes,800.000000,307.759003,3064.000000
grass,mature,yes,800.000000,307.501007,3044.000000
grass,mature,yes,800.000000,307.243988,3068.000000
grass,mature,yes,800.000000,306.985992,3083.000000
grass,mature,yes,800.000000,306.727997,2989.000000
grass,mature,yes,800.000000,306.471008,3014.000000
grass,mature,yes,800.000000,306.213013,3080.000000
grass,mature,yes,800.000000,305.954987,3060.000000
grass,mature,yes,800.000000,305.697998,3028.000000
grass,mature,yes,800.000000,305.440002,2992.000000
grass,mature,yes,800.000000,305.182007,3040.000000
grass,mature,yes,800.000000,304.924988,3032.000000
grass,mature,yes,800.000000,304.666992,2990.000000
grass,mature,yes,800.000000,304.408997,3035.000000
grass,mature,yes,800.000000,304.152008,3030.000000
grass,mature,yes,800.000000,303.894012,2988.000000
grass,mature,yes,800.000000,303.635986,3031.000000
grass,mature,yes,800.000000,303.378998,3034.000000
grass,mature,yes,800.000000,303.121002,3032.000000
grass,mature,yes,800.000000,302.864014,3033.000000
grass,mature,yes,800.000000,302.605988,3072.000000
grass,mature,yes,800.000000,302.347992,3056.000000
grass,mature,yes,800.000000,302.091003,3065.000000
grass,mature,yes,800.000000,301.833008,3047.000000
grass,mature,yes,800.000000,301.575012,3004.000000
grass,mature,yes,800.000000,301.317993,3052.000000
grass,mature,yes,800.000000,301.059998,3027.000000
grass,mature,yes,800.000000,300.802002,3021.000000
grass,mature,yes,800.000000,300.545013,3004.000000
grass,mature,yes,800.000000,300.286987,3026.000000
grass,mature,yes,800.000000,300.028992,3040.000000
grass,mature,yes,800.000000,299.772003,3044.000000
grass,mature,yes,800.000000,299.514008,2983.000000
grass,mature,yes,800.000000,299.256012,3034.000000
grass,mature,yes,800.000000,298.998993,3020.000000
grass,mature,yes,800.000000,298.740997,3050.000000
grass,mature,yes,800.000000,298.483002,3034.000000
grass,mature,yes,800.000000,298.226013,3029.000000
grass,mature,yes,800.000000,297.967987,3065.000000
grass,mature,yes,800.000000,297.709991,3040.000000
grass,mature,yes,800.000000,297.453003,3044.000000
grass,mature,yes,800.000000,297.195007,3047.000000
grass,mature,yes,800.000000,296.937012,3067.000000
grass,mature,yes,800.000000,296.679993,3028.000000
grass,mature,yes,800.000000,296.421997,2999.000000
grass,mature,yes,800.000000,296.164001,2990.000000
grass,mature,yes,800.000000,295.907013,2991.000000
grass,mature,yes,800.000000,295.648987,3031.000000
grass,mature,yes,800.000000,295.390991,3045.000000
grass,mature,yes,800.000000,295.134003,3053.000000
grass,mature,yes,800.000000,294.876007,3056.000000
grass,mature,yes,800.000000,294.618011,3036.000000
grass,mature,yes,800.000000,294.360992,2984.000000
grass,mature,yes,800.000000,294.102997,3005.000000
grass,mature,yes,800.000000,293.845001,2964.000000
grass,mature,yes,800.000000,293.588013,3019.000000
grass,mature,yes,800.000000,293.329987,3003.000000
grass,mature,yes,800.000000,293.071991,3015.000000
grass,mature,yes,800.000000,292.815002,2984.000000
grass,mature,yes,800.000000,292.557007,3008.000000
grass,mature,yes,800.000000,292.299011,2990.000000
grass,mature,yes,800.000000,292.041992,3027.000000
grass,mature,yes,800.000000,291.783997,3041.000000
grass,mature,yes,800.000000,291.526001,3023.000000
grass,mature,yes,800.000000,291.269012,2991.000000
grass,mature,yes,800.000000,291.010986,3070.000000
grass,mature,yes,800.000000,290.752991,3024.000000
grass,mature,yes,800.000000,290.496002,3087.000000
grass,mature,yes,800.000000,290.238007,3067.000000
grass,mature,yes,800.000000,289.980011,3044.000000
grass,mature,yes,800.000000,289.722992,3052.000000
grass,mature,yes,800.000000,289.464996,3028.000000
grass,mature,yes,800.000000,289.207001,3002.000000
grass,mature,yes,800.000000,288.950012,3009.000000
grass,mature,yes,800.000000,288.691986,3017.000000
grass,mature,yes,800.000000,288.433990,3024.000000
grass,mature,yes,800.000000,288.177002,3006.000000
grass,mature,yes,800.000000,287.919006,3019.000000
grass,mature,yes,800.000000,287.661011,3000.000000
grass,mature,yes,800.000000,287.403992,2981.000000
grass,mature,yes,800.000000,287.145996,3012.000000
grass,mature,yes,800.000000,286.888000,3014.000000
grass,mature,yes,800.000000,286.631012,3041.000000
grass,mature,yes,800.000000,286.372986,3020.000000
grass,mature,yes,800.000000,286.114990,3026.000000
grass,mature,yes,800.000000,285.858002,3013.000000
grass,mature,yes,800.000000,285.600006,3058.000000
grass,mature,yes,800.000000,285.342010,3101.000000
grass,mature,yes,800.000000,285.084991,3018.000000
grass,mature,yes,800.000000,284.826996,3018.000000
grass,mature,yes,800.000000,284.569000,3036.000000
grass,mature,yes,800.000000,284.312012,3034.000000
grass,mature,yes,800.000000,284.053986,3041.000000
grass,mature,yes,800.000000,283.795990,3047.000000
grass,mature,yes,800.000000,283.539001,2988.000000
grass,mature,yes,800.000000,283.281006,3006.000000
grass,mature,yes,800.000000,283.023987,3013.000000
grass,mature,yes,800.000000,282.765991,3020.000000
grass,mature,yes,800.000000,282.507996,3027.000000
grass,mature,yes,800.000000,282.251007,3018.000000
grass,mature,yes,800.000000,281.993011,3029.000000
grass,mature,yes,800.000000,281.734985,3039.000000
grass,mature,yes,800.000000,281.477997,3031.000000
grass,mature,yes,800.000000,281.220001,3014.000000
grass,mature,yes,800.000000,280.962006,3013.000000
grass,mature,yes,800.000000,280.704987,3022.000000
grass,mature,yes,800.000000,280.446991,3126.000000
grass,mature,yes,800.000000,280.188995,3078.000000
grass,mature,yes,800.000000,279.932007,3094.000000
grass,mature,yes,800.000000,279.674011,3042.000000
grass,mature,yes,800.000000,279.415985,3007.000000
grass,mature,yes,800.000000,279.158997,3041.000000
grass,mature,yes,800.000000,278.901001,3010.000000
grass,mature,yes,800.000000,278.643005,3064.000000
grass,mature,yes,800.000000,278.385986,3110.000000
grass,mature,yes,800.000000,278.127991,3113.000000
grass,mature,yes,800.000000,277.869995,3027.000000
grass,mature,yes,800.000000,277.613007,3055.000000
grass,mature,yes,800.000000,277.355011,3050.000000
grass,mature,yes,800.000000,277.096985,3057.000000
grass,mature,yes,800.000000,276.839996,3095.000000
grass,mature,yes,800.000000,276.582001,2971.000000
grass,mature,yes,800.000000,276.324005,3028.000000
grass,mature,yes,800.000000,276.066986,2999.000000
grass,mature,yes,800.000000,275.808990,3023.000000
grass,mature,yes,800.000000,275.550995,2998.000000
grass,mature,yes,800.000000,275.294006,3057.000000
grass,mature,yes,800.000000,275.036011,2999.000000
grass,mature,yes,800.000000,274.778015,3088.000000
grass,mature,yes,800.000000,274.520996,3051.000000
grass,mature,yes,800.000000,274.263000,3034.000000
grass,mature,yes,800.000000,274.005005,3046.000000
grass,mature,yes,800.000000,273.747986,3011.000000
grass,mature,yes,800.000000,273.489990,3000.000000
grass,mature,yes,800.000000,273.231995,3045.000000
grass,mature,yes,800.000000,272.975006,3065.000000
grass,mature,yes,800.000000,272.717010,3046.000000
grass,mature,yes,800.000000,272.459015,3031.000000
grass,mature,yes,800.000000,272.201996,3037.000000
grass,mature,yes,800.000000,271.944000,3034.000000
grass,mature,yes,800.000000,271.686005,3081.000000
grass,mature,yes,800.000000,271.428986,3066.000000
grass,mature,yes,800.000000,271.170990,3034.000000
grass,mature,yes,800.000000,270.912994,3012.000000
grass,mature,yes,800.000000,270.656006,3034.000000
grass,mature,yes,800.000000,270.398010,3040.000000
grass,mature,yes,800.000000,270.140015,3077.000000
grass,mature,yes,800.000000,269.882996,3068.000000
grass,mature,yes,800.000000,269.625000,3024.000000
grass,mature,yes,800.000000,269.367004,3012.000000
grass,mature,yes,800.000000,269.109985,2995.000000
grass,mature,yes,800.000000,268.851990,3032.000000
grass,mature,yes,800.000000,268.593994,3083.000000
grass,mature,yes,800.000000,268.337006,3024.000000
grass,mature,yes,800.000000,268.079010,3033.000000
grass,mature,yes,800.000000,267.821014,3062.000000
grass,mature,yes,800.000000,267.563995,3046.000000
grass,mature,yes,800.000000,267.306000,3014.000000
grass,mature,yes,800.000000,267.048004,3050.000000
grass,mature,yes,800.000000,266.790985,3043.000000
grass,mature,yes,800.000000,266.532990,3032.000000
grass,mature,yes,800.000000,266.274994,2996.000000
grass,mature,yes,800.000000,266.018005,3021.000000
grass,mature,yes,800.000000,265.760010,3020.000000
grass,mature,yes,800.000000,265.502014,3040.000000
grass,mature,yes,800.000000,265.244995,2975.000000
grass,mature,yes,800.000000,264.987000,3042.000000
grass,mature,yes,800.000000,264.729004,3028.000000
grass,mature,yes,800.000000,264.471985,3024.000000
grass,mature,yes,800.000000,264.213989,3028.000000
grass,mature,yes,800.000000,263.955994,2997.000000
grass,mature,yes,800.000000,263.699005,3064.000000
grass,mature,yes,800.000000,263.441010,2997.000000
grass,mature,yes,800.000000,263.183990,3076.000000
grass,mature,yes,800.000000,262.925995,3060.000000
grass,mature,yes,800.000000,262.667999,3066.000000
grass,mature,yes,800.000000,262.411011,3080.000000
grass,mature,yes,800.000000,262.153015,2999.000000
grass,mature,yes,800.000000,261.894989,3040.000000
grass,mature,yes,800.000000,261.638000,3009.000000
grass,mature,yes,800.000000,261.380005,2974.000000
grass,mature,yes,800.000000,261.122009,3009.000000
grass,mature,yes,800.000000,260.864990,3090.000000
grass,mature,yes,800.000000,260.606995,3089.000000
grass,mature,yes,800.000000,260.348999,3066.000000
grass,mature,yes,800.000000,260.092010,3017.000000
grass,mature,yes,800.000000,259.834015,3051.000000
grass,mature,yes,800.000000,259.575989,3074.000000
grass,mature,yes,800.000000,259.319000,3059.000000
grass,mature,yes,800.000000,259.061005,3011.000000
grass,mature,yes,800.000000,258.803009,3070.000000
grass,mature,yes,800.000000,258.545990,3067.000000
grass,mature,yes,800.000000,258.287994,3051.000000
grass,mature,yes,800.000000,258.029999,2973.000000
grass,mature,yes,800.000000,257.773010,3039.000000
grass,mature,yes,800.000000,257.515015,3067.000000
grass,mature,yes,800.000000,257.256989,3068.000000
grass,mature,yes,800.000000,257.000000,3046.000000
grass,mature,yes,800.000000,256.742004,3105.000000
grass,mature,yes,800.000000,256.484009,3031.000000
grass,mature,yes,800.000000,256.226990,3033.000000
grass,mature,yes,800.000000,255.968994,3042.000000
grass,mature,yes,800.000000,255.710999,3022.000000
grass,mature,yes,800.000000,255.453995,3045.000000
grass,mature,yes,800.000000,255.195999,3064.000000
grass,mature,yes,800.000000,254.938004,3056.000000
grass,mature,yes,800.000000,254.681000,3065.000000
grass,mature,yes,800.000000,254.423004,2994.000000
grass,mature,yes,800.000000,254.164993,2986.000000
grass,mature,yes,800.000000,253.908005,3001.000000
grass,mature,yes,800.000000,253.649994,3054.000000
grass,mature,yes,800.000000,253.395004,3033.000000
grass,mature,yes,800.000000,253.139008,3032.000000
grass,mature,yes,800.000000,252.884003,3065.000000
grass,mature,yes,800.000000,252.628006,3062.000000
grass,mature,yes,800.000000,252.373001,2997.000000
grass,mature,yes,800.000000,252.117004,3017.000000
grass,mature,yes,800.000000,251.862000,3062.000000
grass,mature,yes,800.000000,251.606003,3071.000000
grass,mature,yes,800.000000,251.350998,3028.000000
grass,mature,yes,800.000000,251.095001,3047.000000
grass,mature,yes,800.000000,250.839996,3025.000000
grass,mature,yes,800.000000,250.584000,3009.000000
grass,mature,yes,800.000000,250.328995,3069.000000
grass,mature,yes,800.000000,250.072998,3045.000000
grass,mature,yes,800.000000,249.817993,3026.000000
grass,mature,yes,800.000000,249.561996,3019.000000
grass,mature,yes,800.000000,249.307007,3033.000000
grass,mature,yes,800.000000,249.050995,3043.000000
grass,mature,yes,800.000000,248.796005,3058.000000
grass,mature,yes,800.000000,248.539993,3048.000000
grass,mature,yes,800.000000,248.285004,3022.000000
grass,mature,yes,800.000000,248.029007,3071.000000
grass,mature,yes,800.000000,247.774002,3042.000000
grass,mature,yes,800.000000,247.518997,3026.000000
grass,mature,yes,800.000000,247.263000,3020.000000
grass,mature,yes,800.000000,247.007996,3013.000000
grass,mature,yes,800.000000,246.751999,2964.000000
grass,mature,yes,800.000000,246.496994,3014.000000
grass,mature,yes,800.000000,246.240997,2994.000000
grass,mature,yes,800.000000,245.985992,3003.000000
grass,mature,yes,800.000000,245.729996,3007.000000
grass,mature,yes,800.000000,245.475006,3035.000000
grass,mature,yes,800.000000,245.218994,2995.000000
grass,mature,yes,800.000000,244.964005,3004.000000
grass,mature,yes,800.000000,244.707993,3038.000000
grass,mature,yes,800.000000,244.453003,3052.000000
grass,mature,yes,800.000000,244.197006,3018.000000
grass,mature,yes,800.000000,243.942001,3012.000000
grass,mature,yes,800.000000,243.686005,3043.000000
grass,mature,yes,800.000000,243.431000,3033.000000
grass,mature,yes,800.000000,243.175003,3035.000000
grass,mature,yes,800.000000,242.919998,3074.000000
grass,mature,yes,800.000000,242.664001,3032.000000
grass,mature,yes,800.000000,242.408997,3046.000000
grass,mature,yes,800.000000,242.153000,3061.000000
grass,mature,yes,800.000000,241.897995,3041.000000
grass,mature,yes,800.000000,241.643005,3039.000000
grass,mature,yes,800.000000,241.386993,3059.000000
grass,mature,yes,800.000000,241.132004,3042.000000
grass,mature,yes,800.000000,240.876007,3032.000000
grass,mature,yes,800.000000,240.621002,3017.000000
grass,mature,yes,800.000000,240.365005,3012.000000
grass,mature,yes,800.000000,240.110001,3023.000000
grass,mature,yes,800.000000,239.854004,3015.000000
grass,mature,yes,800.000000,239.598999,3008.000000
grass,mature,yes,800.000000,239.343002,3028.000000
grass,mature,yes,800.000000,239.087997,3018.000000
grass,mature,yes,800.000000,238.832001,3055.000000
grass,mature,yes,800.000000,238.576996,3040.000000
grass,mature,yes,800.000000,238.320999,3061.000000
grass,mature,yes,800.000000,238.065994,3018.000000
grass,mature,yes,800.000000,237.809998,3060.000000
grass,mature,yes,800.000000,237.554993,3056.000000
grass,mature,yes,800.000000,237.298996,3084.000000
grass,mature,yes,800.000000,237.044006,3069.000000
grass,mature,yes,800.000000,236.787994,2984.000000
grass,mature,yes,800.000000,236.533005,3054.000000
grass,mature,yes,800.000000,236.276993,3062.000000
grass,mature,yes,800.000000,236.022003,3048.000000
grass,mature,yes,800.000000,235.766998,3033.000000
grass,mature,yes,800.000000,235.511002,3031.000000
grass,mature,yes,800.000000,235.255997,3038.000000
grass,mature,yes,800.000000,235.000000,2990.000000
grass,mature,yes,800.000000,234.744995,3019.000000
grass,mature,yes,800.000000,234.488998,3011.000000
grass,mature,yes,800.000000,234.233994,3040.000000
grass,mature,yes,800.000000,233.977997,3010.000000
grass,mature,yes,800.000000,233.723007,3034.000000
grass,mature,yes,800.000000,233.466995,3064.000000
grass,mature,yes,800.000000,233.212006,3016.000000
grass,mature,yes,800.000000,232.955994,3068.000000
grass,mature,yes,800.000000,232.701004,3035.000000
grass,mature,yes,800.000000,232.445007,3080.000000
grass,mature,yes,800.000000,232.190002,3042.000000
grass,mature,yes,800.000000,231.934006,3042.000000
grass,mature,yes,800.000000,231.679001,3021.000000
grass,mature,yes,800.000000,231.423004,3008.000000
grass,mature,yes,800.000000,231.167999,3045.000000
grass,mature,yes,800.000000,230.912003,3029.000000
grass,mature,yes,800.000000,230.656998,3009.000000
grass,mature,yes,800.000000,230.401001,3012.000000
grass,mature,yes,800.000000,230.145996,3058.000000
grass,mature,yes,800.000000,229.891006,3033.000000
grass,mature,yes,800.000000,229.634995,2995.000000
grass,mature,yes,800.000000,229.380005,3022.000000
grass,mature,yes,800.000000,229.123993,3026.000000
grass,mature,yes,800.000000,228.869003,3024.000000
grass,mature,yes,800.000000,228.613007,3026.000000
grass,mature,yes,800.000000,228.358002,3047.000000
grass,mature,yes,800.000000,228.102005,3005.000000
grass,mature,yes,800.000000,227.847000,3052.000000
grass,mature,yes,800.000000,227.591003,3032.000000
grass,mature,yes,800.000000,227.335999,3044.000000
grass,mature,yes,800.000000,227.080002,3072.000000
grass,mature,yes,800.000000,226.824997,3016.000000
grass,mature,yes,800.000000,226.569000,3027.000000
grass,mature,yes,800.000000,226.313995,3056.000000
grass,mature,yes,800.000000,226.057999,3079.000000
grass,mature,yes,800.000000,225.802994,3025.000000
grass,mature,yes,800.000000,225.546997,3022.000000
grass,mature,yes,800.000000,225.292007,3031.000000
grass,mature,yes,800.000000,225.035995,3014.000000
grass,mature,yes,800.000000,224.781006,3028.000000
grass,mature,yes,800.000000,224.524994,3010.000000
grass,mature,yes,800.000000,224.270004,3034.000000
grass,mature,yes,800.000000,224.014999,3041.000000
grass,mature,yes,800.000000,223.759003,3036.000000
grass,mature,yes,800.000000,223.503998,3035.000000
grass,mature,yes,800.000000,223.248001,3082.000000
grass,mature,yes,800.000000,222.992996,3036.000000
grass,mature,yes,800.000000,222.737000,3034.000000
grass,mature,yes,800.000000,222.481995,3067.000000
grass,mature,yes,800.000000,222.225998,3073.000000
grass,mature,yes,800.000000,221.970993,3025.000000
grass,mature,yes,800.000000,221.714996,3044.000000
grass,mature,yes,800.000000,221.460007,3027.000000
grass,mature,yes,800.000000,221.203995,3083.000000
grass,mature,yes,800.000000,220.949005,3079.000000
grass,mature,yes,800.000000,220.692993,3014.000000
grass,mature,yes,800.000000,220.438004,2998.000000
grass,mature,yes,800.000000,220.182007,3035.000000
grass,mature,yes,800.000000,219.927002,3049.000000
grass,mature,yes,800.000000,219.671005,3028.000000
grass,mature,yes,800.000000,219.416000,3015.000000
grass,mature,yes,800.000000,219.160004,3040.000000
grass,mature,yes,800.000000,218.904999,3054.000000
grass,mature,yes,800.000000,218.649002,3042.000000
grass,mature,yes,800.000000,218.393997,3065.000000
grass,mature,yes,800.000000,218.139008,3074.000000
grass,mature,yes,800.000000,217.882996,3078.000000
grass,mature,yes,800.000000,217.628006,3017.000000
grass,mature,yes,800.000000,217.371994,3031.000000
grass,mature,yes,800.000000,217.117004,3054.000000
grass,mature,yes,800.000000,216.860992,3004.000000
grass,mature,yes,800.000000,216.606003,2979.000000
grass,mature,yes,800.000000,216.350006,2992.000000
grass,mature,yes,800.000000,216.095001,3043.000000
grass,mature,yes,800.000000,215.839005,3022.000000
grass,mature,yes,800.000000,215.584000,2967.000000
grass,mature,yes,800.000000,215.328003,2980.000000
grass,mature,yes,800.000000,215.072998,3015.000000
grass,mature,yes,800.000000,214.817001,3051.000000
grass,mature,yes,800.000000,214.561996,3076.000000
grass,mature,yes,800.000000,214.306000,2999.000000
grass,mature,yes,800.000000,214.050995,3011.000000
grass,mature,yes,800.000000,213.794998,2997.000000
grass,mature,yes,800.000000,213.539993,3073.000000
grass,mature,yes,800.000000,213.283997,3029.000000
grass,mature,yes,800.000000,213.029007,3077.000000
grass,mature,yes,800.000000,212.772995,3037.000000
grass,mature,yes,800.000000,212.518005,3057.000000
grass,mature,yes,800.000000,212.263000,3080.000000
grass,mature,yes,800.000000,212.007004,3004.000000
grass,mature,yes,800.000000,211.751999,2966.000000
grass,mature,yes,800.000000,211.496002,3032.000000
grass,mature,yes,800.000000,211.240997,3022.000000
grass,mature,yes,800.000000,210.985001,3044.000000
grass,mature,yes,800.000000,210.729996,3061.000000
grass,mature,yes,800.000000,210.473999,3014.000000
grass,mature,yes,800.000000,210.218994,3061.000000
grass,mature,yes,800.000000,209.962997,3053.000000
grass,mature,yes,800.000000,209.707993,3024.000000
grass,mature,yes,800.000000,209.451996,3066.000000
grass,mature,yes,800.000000,209.197006,3028.000000
grass,mature,yes,800.000000,208.940994,3014.000000
grass,mature,yes,800.000000,208.686005,3065.000000
grass,mature,yes,800.000000,208.429993,3057.000000
grass,mature,yes,800.000000,208.175003,3060.000000
grass,mature,yes,800.000000,207.919006,2996.000000
grass,mature,yes,800.000000,207.664001,3028.000000
grass,mature,yes,800.000000,207.408005,3066.000000
grass,mature,yes,800.000000,207.153000,3074.000000
grass,mature,yes,800.000000,206.897003,3007.000000
grass,mature,yes,800.000000,206.641998,3026.000000
grass,mature,yes,800.000000,206.386993,3007.000000
grass,mature,yes,800.000000,206.130997,3024.000000
grass,mature,yes,800.000000,205.876007,3076.000000
grass,mature,yes,800.000000,205.619995,3018.000000
grass,mature,yes,800.000000,205.365005,3034.000000
grass,mature,yes,800.000000,205.108994,3114.000000
grass,mature,yes,800.000000,204.854004,3035.000000
grass,mature,yes,800.000000,204.598007,3022.000000
grass,mature,yes,800.000000,204.343002,2992.000000
grass,mature,yes,800.000000,204.087006,3040.000000
grass,mature,yes,800.000000,203.832001,2997.000000
grass,mature,yes,800.000000,203.576004,3097.000000
grass,mature,yes,800.000000,203.320999,2990.000000
grass,mature,yes,800.000000,203.065002,3039.000000
grass,mature,yes,800.000000,202.809998,3048.000000
grass,mature,yes,800.000000,202.554001,3085.000000
grass,mature,yes,800.000000,202.298996,3052.000000
grass,mature,yes,800.000000,202.042999,3033.000000
grass,mature,yes,800.000000,201.787994,2990.000000
grass,mature,yes,800.000000,201.531998,2999.000000
grass,mature,yes,800.000000,201.276993,3017.000000
grass,mature,yes,800.000000,201.020996,3044.000000
grass,mature,yes,800.000000,200.766006,3041.000000
grass,mature,yes,800.000000,200.511002,3027.000000
grass,mature,yes,800.000000,200.255005,3081.000000
grass,mature,yes,800.000000,200.000000,3076.000000
grass,mature,yes,800.000000,199.744003,3051.000000
grass,mature,yes,800.000000,199.488998,2988.000000
grass,mature,yes,800.000000,199.233002,3022.000000
grass,mature,yes,800.000000,198.977997,3051.000000
grass,mature,yes,800.000000,198.722000,3070.000000
grass,mature,yes,800.000000,198.466995,3044.000000
grass,mature,yes,800.000000,198.210999,3052.000000
grass,mature,yes,800.000000,197.955994,3007.000000
grass,mature,yes,800.000000,197.699997,3067.000000
grass,mature,yes,800.000000,197.445007,3076.000000
grass,mature,yes,800.000000,197.188995,3050.000000
grass,mature,yes,800.000000,196.934006,3030.000000
grass,mature,yes,800.000000,196.677994,3006.000000
grass,mature,yes,800.000000,196.423004,3044.000000
grass,mature,yes,800.000000,196.167007,2989.000000
grass,mature,yes,800.000000,195.912003,2991.000000
grass,mature,yes,800.000000,195.656006,3039.000000
grass,mature,yes,800.000000,195.401001,2994.000000
grass,mature,yes,800.000000,195.145004,3050.000000
grass,mature,yes,800.000000,194.889999,3043.000000
grass,mature,yes,800.000000,194.634995,3043.000000
grass,mature,yes,800.000000,194.378998,3026.000000
grass,mature,yes,800.000000,194.123993,3037.000000
grass,mature,yes,800.000000,193.867996,3052.000000
grass,mature,yes,800.000000,193.613007,3052.000000
grass,mature,yes,800.000000,193.356995,3066.000000
grass,mature,yes,800.000000,193.102005,3052.000000
grass,mature,yes,800.000000,192.845993,3029.000000
grass,mature,yes,800.000000,192.591003,3026.000000
grass,mature,yes,800.000000,192.335007,3062.000000
grass,mature,yes,800.000000,192.080002,3019.000000
grass,mature,yes,800.000000,191.824005,3002.000000
grass,mature,yes,800.000000,191.569000,3020.000000
grass,mature,yes,800.000000,191.313004,3056.000000
grass,mature,yes,800.000000,191.057999,3034.000000
grass,mature,yes,800.000000,190.802002,3051.000000
grass,mature,yes,800.000000,190.546997,3059.000000
grass,mature,yes,800.000000,190.291000,3051.000000
grass,mature,yes,800.000000,190.035995,3044.000000
grass,mature,yes,800.000000,189.779999,3017.000000
grass,mature,yes,800.000000,189.524994,3006.000000
grass,mature,yes,800.000000,189.268997,3031.000000
grass,mature,yes,800.000000,189.014008,3036.000000
grass,mature,yes,800.000000,188.759003,3022.000000
grass,mature,yes,800.000000,188.503006,3010.000000
grass,mature,yes,800.000000,188.248001,3026.000000
grass,mature,yes,800.000000,187.992004,3044.000000
grass,mature,yes,800.000000,187.737000,2994.000000
grass,mature,yes,800.000000,187.481003,3098.000000
grass,mature,yes,800.000000,187.225998,3022.000000
grass,mature,yes,800.000000,186.970001,3029.000000
grass,mature,yes,800.000000,186.714996,2998.000000
grass,mature,yes,800.000000,186.459000,2967.000000
grass,mature,yes,800.000000,186.203995,3036.000000
grass,mature,yes,800.000000,185.947998,3055.000000
grass,mature,yes,800.000000,185.692993,3046.000000
grass,mature,yes,800.000000,185.436996,3065.000000
grass,mature,yes,800.000000,185.182007,3031.000000
grass,mature,yes,800.000000,184.925995,3029.000000
grass,mature,yes,800.000000,184.671005,2998.000000
grass,mature,yes,800.000000,184.414993,2985.000000
grass,mature,yes,800.000000,184.160004,3010.000000
grass,mature,yes,800.000000,183.904007,3027.000000
grass,mature,yes,800.000000,183.649002,3072.000000
grass,mature,yes,800.000000,183.393005,3066.000000
grass,mature,yes,800.000000,183.138000,3060.000000
grass,mature,yes,800.000000,182.882996,3047.000000
grass,mature,yes,800.000000,182.626999,3111.000000
grass,mature,yes,800.000000,182.371994,3014.000000
grass,mature,yes,800.000000,182.115997,3026.000000
grass,mature,yes,800.000000,181.860992,3043.000000
grass,mature,yes,800.000000,181.604996,3073.000000
grass,mature,yes,800.000000,181.350006,3036.000000
grass,mature,yes,800.000000,181.093994,3072.000000
grass,mature,yes,800.000000,180.839005,3048.000000
grass,mature,yes,800.000000,180.582993,3031.000000
grass,mature,yes,800.000000,180.328003,3043.000000
grass,mature,yes,800.000000,180.072006,3038.000000
grass,mature,yes,800.000000,179.817001,3056.000000
grass,mature,yes,800.000000,179.561005,3003.000000
grass,mature,yes,800.000000,179.306000,3027.000000
grass,mature,yes,800.000000,179.050003,3052.000000
grass,mature,yes,800.000000,178.794998,3029.000000
grass,mature,yes,800.000000,178.539001,3040.000000
grass,mature,yes,800.000000,178.283997,3044.000000
grass,mature,yes,800.000000,178.028000,3058.000000
grass,mature,yes,800.000000,177.772995,3030.000000
grass,mature,yes,800.000000,177.516998,3005.000000
grass,mature,yes,800.000000,177.261993,3027.000000
grass,mature,yes,800.000000,177.007004,3002.000000
grass,mature,yes,800.000000,176.751007,3024.000000
grass,mature,yes,800.000000,176.496002,3034.000000
grass,mature,yes,800.000000,0.000000,3068.000000
grass,mature,yes,800.000000,0.000000,3022.000000
grass,mature,yes,800.000000,0.000000,3039.000000
grass,mature,yes,800.000000,0.000000,3091.000000
grass,mature,yes,800.000000,0.000000,3060.000000
grass,mature,yes,800.000000,0.000000,3008.000000
grass,mature,yes,800.000000,0.000000,2947.000000
grass,mature,yes,800.000000,0.000000,3071.000000
grass,mature,yes,800.000000,0.000000,3077.000000
grass,mature,yes,800.000000,0.000000,3051.000000
grass,mature,yes,800.000000,0.000000,2997.000000
grass,mature,yes,800.000000,0.000000,3034.000000
grass,mature,yes,800.000000,0.000000,3017.000000
grass,mature,yes,800.000000,0.000000,3029.000000
grass,mature,yes,800.000000,0.000000,3058.000000
grass,mature,yes,800.000000,0.000000,3059.000000
grass,mature,yes,800.000000,0.000000,3004.000000
grass,mature,yes,800.000000,0.000000,3070.000000
grass,mature,yes,800.000000,0.000000,3004.000000
grass,mature,yes,800.000000,0.000000,3023.000000
grass,mature,yes,800.000000,0.000000,3020.000000
grass,mature,yes,800.000000,0.000000,3053.000000
grass,mature,yes,800.000000,0.000000,3032.000000
grass,mature,yes,800.000000,0.000000,3071.000000
grass,mature,yes,800.000000,0.000000,3061.000000
grass,mature,yes,800.000000,0.000000,3049.000000
grass,mature,yes,800.000000,0.000000,3027.000000
grass,mature,yes,800.000000,0.000000,3011.000000
grass,mature,yes,800.000000,0.000000,3031.000000
grass,mature,yes,800.000000,0.000000,3048.000000
grass,mature,yes,800.000000,0.000000,3074.000000
grass,mature,yes,800.000000,0.000000,3029.000000
grass,mature,yes,800.000000,0.000000,3086.000000
grass,mature,yes,800.000000,0.000000,3049.000000
grass,mature,yes,800.000000,0.000000,3075.000000
grass,mature,yes,800.000000,0.000000,3070.000000
grass,mature,yes,800.000000,0.000000,2964.000000
grass,mature,yes,800.000000,0.000000,3037.000000
grass,mature,yes,800.000000,0.000000,3045.000000
grass,mature,yes,800.000000,0.000000,3047.000000
grass,mature,yes,800.000000,0.000000,3030.000000
